[0]	MoreThanOneStmt	[1]
[0]	Stmt	[2]
[0]	ExprStatement	[3,140]
[4,142]	Expr	[11,254]
[4,142]	CondExpr	[12,36,69,86,103,219,299,395]
[4,142]	OrExpr	[13,37,70,87,104,220,301,396]
[4,142]	AndExpr	[14,38,71,88,105,221,302,397]
[4,142]	EqNeqExpr	[15,39,72,89,106,222,303,398]
[4,142]	CompExpr	[16,40,73,90,107,223,304,399]
[4,142]	AdditiveExpr	[17,41,74,91,108,224,305,400]
[4,142]	MultiplicativeExpr	[18,42,75,92,109,225,306,401]
[4,142]	UnaryExpr	[19,43,76,93,110,226,307,402]
[4,142]	Primary	[20,44,77,94,111,227,308,403]
[5,143]	Idxs	[26,255]
[9,147]	Expr	[35,263]
[9,147]	CondExpr	[12,36,69,86,103,219,299,395]
[9,147]	OrExpr	[13,37,70,87,104,220,301,396]
[9,147]	AndExpr	[14,38,71,88,105,221,302,397]
[9,147]	EqNeqExpr	[15,39,72,89,106,222,303,398]
[9,147]	CompExpr	[16,40,73,90,107,223,304,399]
[9,147]	AdditiveExpr	[17,41,74,91,108,224,305,400]
[9,147]	MultiplicativeExpr	[18,42,75,92,109,225,306,401]
[9,147]	UnaryExpr	[19,43,76,93,110,226,307,402]
[9,147]	Primary	[20,44,77,94,111,227,308,403]
[10]	MoreThanOneStmt	[50]
[10]	Stmt	[2]
[10]	ExprStatement	[3,140]
[11,254]	CRStmtCRs	[51,359]
[21,45,78,95,112,228,309,404]	Idxs	[65,133,175,193,213,343,387,475]
[22,46,79,96,113,229,310,405]	Expr	[68,136,178,196,216,346,390,478]
[22,46,79,96,113,229,310,405]	CondExpr	[12,36,69,86,103,219,299,395]
[22,46,79,96,113,229,310,405]	OrExpr	[13,37,70,87,104,220,301,396]
[22,46,79,96,113,229,310,405]	AndExpr	[14,38,71,88,105,221,302,397]
[22,46,79,96,113,229,310,405]	EqNeqExpr	[15,39,72,89,106,222,303,398]
[22,46,79,96,113,229,310,405]	CompExpr	[16,40,73,90,107,223,304,399]
[22,46,79,96,113,229,310,405]	AdditiveExpr	[17,41,74,91,108,224,305,400]
[22,46,79,96,113,229,310,405]	MultiplicativeExpr	[18,42,75,92,109,225,306,401]
[22,46,79,96,113,229,310,405]	UnaryExpr	[19,43,76,93,110,226,307,402]
[22,46,79,96,113,229,310,405]	Primary	[20,44,77,94,111,227,308,403]
[23,47,80,97,114,230,311,406]	Primary	[83,137,179,197,217,347,391,479]
[28,257]	Expr	[85,361]
[28,257]	CondExpr	[12,36,69,86,103,219,299,395]
[28,257]	OrExpr	[13,37,70,87,104,220,301,396]
[28,257]	AndExpr	[14,38,71,88,105,221,302,397]
[28,257]	EqNeqExpr	[15,39,72,89,106,222,303,398]
[28,257]	CompExpr	[16,40,73,90,107,223,304,399]
[28,257]	AdditiveExpr	[17,41,74,91,108,224,305,400]
[28,257]	MultiplicativeExpr	[18,42,75,92,109,225,306,401]
[28,257]	UnaryExpr	[19,43,76,93,110,226,307,402]
[28,257]	Primary	[20,44,77,94,111,227,308,403]
[31,67,135,177,195,215,345,389,477]	Expr	[102,161,251,279,294,328,422,457,517]
[31,67,135,177,195,215,345,389,477]	CondExpr	[12,36,69,86,103,219,299,395]
[31,67,135,177,195,215,345,389,477]	OrExpr	[13,37,70,87,104,220,301,396]
[31,67,135,177,195,215,345,389,477]	AndExpr	[14,38,71,88,105,221,302,397]
[31,67,135,177,195,215,345,389,477]	EqNeqExpr	[15,39,72,89,106,222,303,398]
[31,67,135,177,195,215,345,389,477]	CompExpr	[16,40,73,90,107,223,304,399]
[31,67,135,177,195,215,345,389,477]	AdditiveExpr	[17,41,74,91,108,224,305,400]
[31,67,135,177,195,215,345,389,477]	MultiplicativeExpr	[18,42,75,92,109,225,306,401]
[31,67,135,177,195,215,345,389,477]	UnaryExpr	[19,43,76,93,110,226,307,402]
[31,67,135,177,195,215,345,389,477]	Primary	[20,44,77,94,111,227,308,403]
[34,262]	CRStmtCRs	[118,365]
[52,119,237,427,502]	TheRest	[141,235,355,485,531]
[52,119,237,427,502]	Stmt	[139,234,354,484,530]
[52,119,237,427,502]	ExprStatement	[3,140]
[53,121,163,181,201,331,375,463]	AndExpr	[148,238,266,281,315,409,444,504]
[53,121,163,181,201,331,375,463]	EqNeqExpr	[15,39,72,89,106,222,303,398]
[53,121,163,181,201,331,375,463]	CompExpr	[16,40,73,90,107,223,304,399]
[53,121,163,181,201,331,375,463]	AdditiveExpr	[17,41,74,91,108,224,305,400]
[53,121,163,181,201,331,375,463]	MultiplicativeExpr	[18,42,75,92,109,225,306,401]
[53,121,163,181,201,331,375,463]	UnaryExpr	[19,43,76,93,110,226,307,402]
[53,121,163,181,201,331,375,463]	Primary	[20,44,77,94,111,227,308,403]
[54,122,164,182,202,332,376,464]	EqNeqExpr	[149,239,267,282,316,410,445,505]
[54,122,164,182,202,332,376,464]	CompExpr	[16,40,73,90,107,223,304,399]
[54,122,164,182,202,332,376,464]	AdditiveExpr	[17,41,74,91,108,224,305,400]
[54,122,164,182,202,332,376,464]	MultiplicativeExpr	[18,42,75,92,109,225,306,401]
[54,122,164,182,202,332,376,464]	UnaryExpr	[19,43,76,93,110,226,307,402]
[54,122,164,182,202,332,376,464]	Primary	[20,44,77,94,111,227,308,403]
[55,123,165,183,203,333,377,465]	CompExpr	[150,240,268,283,317,411,446,506]
[55,123,165,183,203,333,377,465]	AdditiveExpr	[17,41,74,91,108,224,305,400]
[55,123,165,183,203,333,377,465]	MultiplicativeExpr	[18,42,75,92,109,225,306,401]
[55,123,165,183,203,333,377,465]	UnaryExpr	[19,43,76,93,110,226,307,402]
[55,123,165,183,203,333,377,465]	Primary	[20,44,77,94,111,227,308,403]
[56,124,166,184,204,334,378,466]	CompExpr	[151,241,269,284,318,412,447,507]
[56,124,166,184,204,334,378,466]	AdditiveExpr	[17,41,74,91,108,224,305,400]
[56,124,166,184,204,334,378,466]	MultiplicativeExpr	[18,42,75,92,109,225,306,401]
[56,124,166,184,204,334,378,466]	UnaryExpr	[19,43,76,93,110,226,307,402]
[56,124,166,184,204,334,378,466]	Primary	[20,44,77,94,111,227,308,403]
[57,125,167,185,205,335,379,467]	AdditiveExpr	[152,242,270,285,319,413,448,508]
[57,125,167,185,205,335,379,467]	MultiplicativeExpr	[18,42,75,92,109,225,306,401]
[57,125,167,185,205,335,379,467]	UnaryExpr	[19,43,76,93,110,226,307,402]
[57,125,167,185,205,335,379,467]	Primary	[20,44,77,94,111,227,308,403]
[58,126,168,186,206,336,380,468]	AdditiveExpr	[153,243,271,286,320,414,449,509]
[58,126,168,186,206,336,380,468]	MultiplicativeExpr	[18,42,75,92,109,225,306,401]
[58,126,168,186,206,336,380,468]	UnaryExpr	[19,43,76,93,110,226,307,402]
[58,126,168,186,206,336,380,468]	Primary	[20,44,77,94,111,227,308,403]
[59,127,169,187,207,337,381,469]	AdditiveExpr	[154,244,272,287,321,415,450,510]
[59,127,169,187,207,337,381,469]	MultiplicativeExpr	[18,42,75,92,109,225,306,401]
[59,127,169,187,207,337,381,469]	UnaryExpr	[19,43,76,93,110,226,307,402]
[59,127,169,187,207,337,381,469]	Primary	[20,44,77,94,111,227,308,403]
[60,128,170,188,208,338,382,470]	AdditiveExpr	[155,245,273,288,322,416,451,511]
[60,128,170,188,208,338,382,470]	MultiplicativeExpr	[18,42,75,92,109,225,306,401]
[60,128,170,188,208,338,382,470]	UnaryExpr	[19,43,76,93,110,226,307,402]
[60,128,170,188,208,338,382,470]	Primary	[20,44,77,94,111,227,308,403]
[61,129,171,189,209,339,383,471]	MultiplicativeExpr	[156,246,274,289,323,417,452,512]
[61,129,171,189,209,339,383,471]	UnaryExpr	[19,43,76,93,110,226,307,402]
[61,129,171,189,209,339,383,471]	Primary	[20,44,77,94,111,227,308,403]
[62,130,172,190,210,340,384,472]	MultiplicativeExpr	[157,247,275,290,324,418,453,513]
[62,130,172,190,210,340,384,472]	UnaryExpr	[19,43,76,93,110,226,307,402]
[62,130,172,190,210,340,384,472]	Primary	[20,44,77,94,111,227,308,403]
[63,131,173,191,211,341,385,473]	UnaryExpr	[158,248,276,291,325,419,454,514]
[63,131,173,191,211,341,385,473]	Primary	[20,44,77,94,111,227,308,403]
[64,132,174,192,212,342,386,474]	UnaryExpr	[159,249,277,292,326,420,455,515]
[64,132,174,192,212,342,386,474]	Primary	[20,44,77,94,111,227,308,403]
[84,360]	Expr	[180,432]
[84,360]	CondExpr	[12,36,69,86,103,219,299,395]
[84,360]	OrExpr	[13,37,70,87,104,220,301,396]
[84,360]	AndExpr	[14,38,71,88,105,221,302,397]
[84,360]	EqNeqExpr	[15,39,72,89,106,222,303,398]
[84,360]	CompExpr	[16,40,73,90,107,223,304,399]
[84,360]	AdditiveExpr	[17,41,74,91,108,224,305,400]
[84,360]	MultiplicativeExpr	[18,42,75,92,109,225,306,401]
[84,360]	UnaryExpr	[19,43,76,93,110,226,307,402]
[84,360]	Primary	[20,44,77,94,111,227,308,403]
[117,364]	Expr	[218,435]
[117,364]	CondExpr	[12,36,69,86,103,219,299,395]
[117,364]	OrExpr	[13,37,70,87,104,220,301,396]
[117,364]	AndExpr	[14,38,71,88,105,221,302,397]
[117,364]	EqNeqExpr	[15,39,72,89,106,222,303,398]
[117,364]	CompExpr	[16,40,73,90,107,223,304,399]
[117,364]	AdditiveExpr	[17,41,74,91,108,224,305,400]
[117,364]	MultiplicativeExpr	[18,42,75,92,109,225,306,401]
[117,364]	UnaryExpr	[19,43,76,93,110,226,307,402]
[117,364]	Primary	[20,44,77,94,111,227,308,403]
[120,366]	CRStmtCRs	[236,437]
[198,433]	Expr	[296,488]
[198,433]	CondExpr	[12,36,69,86,103,219,299,395]
[198,433]	OrExpr	[13,37,70,87,104,220,301,396]
[198,433]	AndExpr	[14,38,71,88,105,221,302,397]
[198,433]	EqNeqExpr	[15,39,72,89,106,222,303,398]
[198,433]	CompExpr	[16,40,73,90,107,223,304,399]
[198,433]	AdditiveExpr	[17,41,74,91,108,224,305,400]
[198,433]	MultiplicativeExpr	[18,42,75,92,109,225,306,401]
[198,433]	UnaryExpr	[19,43,76,93,110,226,307,402]
[198,433]	Primary	[20,44,77,94,111,227,308,403]
[199,434]	Exprs	[298,489]
[199,434]	MoreThanOneExpr	[300]
[199,434]	Expr	[297]
[199,434]	CondExpr	[12,36,69,86,103,219,299,395]
[199,434]	OrExpr	[13,37,70,87,104,220,301,396]
[199,434]	AndExpr	[14,38,71,88,105,221,302,397]
[199,434]	EqNeqExpr	[15,39,72,89,106,222,303,398]
[199,434]	CompExpr	[16,40,73,90,107,223,304,399]
[199,434]	AdditiveExpr	[17,41,74,91,108,224,305,400]
[199,434]	MultiplicativeExpr	[18,42,75,92,109,225,306,401]
[199,434]	UnaryExpr	[19,43,76,93,110,226,307,402]
[199,434]	Primary	[20,44,77,94,111,227,308,403]
[200,265,357,370,372,393,481,499,533]	Idxs	[314,368,430,440,442,460,520,528,543]
[236,437]	MoreThanZeroElseIf	[349,491]
[236,437]	OptionalElse	[350,492]
[253,348,428,522,541]	TheRest	[358,424,486,536,546]
[253,348,428,522,541]	Stmt	[139,234,354,484,530]
[253,348,428,522,541]	ExprStatement	[3,140]
[264,356,369,371,392,480,498,532]	Exprs	[367,429,439,441,459,519,527,542]
[264,356,369,371,392,480,498,532]	MoreThanOneExpr	[300]
[264,356,369,371,392,480,498,532]	Expr	[297]
[264,356,369,371,392,480,498,532]	CondExpr	[12,36,69,86,103,219,299,395]
[264,356,369,371,392,480,498,532]	OrExpr	[13,37,70,87,104,220,301,396]
[264,356,369,371,392,480,498,532]	AndExpr	[14,38,71,88,105,221,302,397]
[264,356,369,371,392,480,498,532]	EqNeqExpr	[15,39,72,89,106,222,303,398]
[264,356,369,371,392,480,498,532]	CompExpr	[16,40,73,90,107,223,304,399]
[264,356,369,371,392,480,498,532]	AdditiveExpr	[17,41,74,91,108,224,305,400]
[264,356,369,371,392,480,498,532]	MultiplicativeExpr	[18,42,75,92,109,225,306,401]
[264,356,369,371,392,480,498,532]	UnaryExpr	[19,43,76,93,110,226,307,402]
[264,356,369,371,392,480,498,532]	Primary	[20,44,77,94,111,227,308,403]
[330,490]	Expr	[394,524]
[330,490]	CondExpr	[12,36,69,86,103,219,299,395]
[330,490]	OrExpr	[13,37,70,87,104,220,301,396]
[330,490]	AndExpr	[14,38,71,88,105,221,302,397]
[330,490]	EqNeqExpr	[15,39,72,89,106,222,303,398]
[330,490]	CompExpr	[16,40,73,90,107,223,304,399]
[330,490]	AdditiveExpr	[17,41,74,91,108,224,305,400]
[330,490]	MultiplicativeExpr	[18,42,75,92,109,225,306,401]
[330,490]	UnaryExpr	[19,43,76,93,110,226,307,402]
[330,490]	Primary	[20,44,77,94,111,227,308,403]
[351,493]	Expr	[425,525]
[351,493]	CondExpr	[12,36,69,86,103,219,299,395]
[351,493]	OrExpr	[13,37,70,87,104,220,301,396]
[351,493]	AndExpr	[14,38,71,88,105,221,302,397]
[351,493]	EqNeqExpr	[15,39,72,89,106,222,303,398]
[351,493]	CompExpr	[16,40,73,90,107,223,304,399]
[351,493]	AdditiveExpr	[17,41,74,91,108,224,305,400]
[351,493]	MultiplicativeExpr	[18,42,75,92,109,225,306,401]
[351,493]	UnaryExpr	[19,43,76,93,110,226,307,402]
[351,493]	Primary	[20,44,77,94,111,227,308,403]
[353,495]	CRStmtCRs	[426,526]
[373]	MoreThanOneExpr	[443]
[373]	Expr	[297]
[373]	CondExpr	[12,36,69,86,103,219,299,395]
[373]	OrExpr	[13,37,70,87,104,220,301,396]
[373]	AndExpr	[14,38,71,88,105,221,302,397]
[373]	EqNeqExpr	[15,39,72,89,106,222,303,398]
[373]	CompExpr	[16,40,73,90,107,223,304,399]
[373]	AdditiveExpr	[17,41,74,91,108,224,305,400]
[373]	MultiplicativeExpr	[18,42,75,92,109,225,306,401]
[373]	UnaryExpr	[19,43,76,93,110,226,307,402]
[373]	Primary	[20,44,77,94,111,227,308,403]
[394,524]	OptStep	[461,537]
[461,537]	CRStmtCRs	[501,544]
[462]	Expr	[503]
[462]	CondExpr	[12,36,69,86,103,219,299,395]
[462]	OrExpr	[13,37,70,87,104,220,301,396]
[462]	AndExpr	[14,38,71,88,105,221,302,397]
[462]	EqNeqExpr	[15,39,72,89,106,222,303,398]
[462]	CompExpr	[16,40,73,90,107,223,304,399]
[462]	AdditiveExpr	[17,41,74,91,108,224,305,400]
[462]	MultiplicativeExpr	[18,42,75,92,109,225,306,401]
[462]	UnaryExpr	[19,43,76,93,110,226,307,402]
[462]	Primary	[20,44,77,94,111,227,308,403]
[482,538]	CRStmtCRs	[521,545]
[521,545]	MoreThanZeroElseIf	[535,549]
[521,545]	OptionalElse	[350,492]
