[0]	While	LALRShift [4,142]
[0]	ID	LALRShift [5,143]
[0]	Goto	LALRShift [6,144]
[0]	For	LALRShift [7,145]
[0]	Sub	LALRShift [8,146]
[0]	If	LALRShift [9,147]
[1]	$	LALRAccept
[2]	$	LALRReduce 20
[2]	CR	LALRShift [10]
[3,140]	$	LALRReduce 1
[3,140]	CR	LALRReduce 1
[4,142]	-	LALRShift [23,47,80,97,114,230,311,406]
[4,142]	NUM	LALRShift [24,48,81,98,115,231,312,407]
[4,142]	STR	LALRShift [25,49,82,99,116,232,313,408]
[4,142]	(	LALRShift [22,46,79,96,113,229,310,405]
[4,142]	ID	LALRShift [21,45,78,95,112,228,309,404]
[5,143]	:	LALRShift [27,256]
[5,143]	=	LALRShift [28,257]
[5,143]	.	LALRShift [29,258]
[5,143]	(	LALRShift [30,259]
[5,143]	[	LALRShift [31,67,135,177,195,215,345,389,477]
[6,144]	ID	LALRShift [32,260]
[7,145]	ID	LALRShift [33,261]
[8,146]	ID	LALRShift [34,262]
[9,147]	-	LALRShift [23,47,80,97,114,230,311,406]
[9,147]	NUM	LALRShift [24,48,81,98,115,231,312,407]
[9,147]	STR	LALRShift [25,49,82,99,116,232,313,408]
[9,147]	(	LALRShift [22,46,79,96,113,229,310,405]
[9,147]	ID	LALRShift [21,45,78,95,112,228,309,404]
[10]	While	LALRShift [4,142]
[10]	ID	LALRShift [5,143]
[10]	Goto	LALRShift [6,144]
[10]	For	LALRShift [7,145]
[10]	Sub	LALRShift [8,146]
[10]	If	LALRShift [9,147]
[11,254]	CR	LALRShift [52,119,237,427,502]
[12,36,69,86,103,219,299,395]	CR	LALRReduce 24
[12,36,69,86,103,219,299,395]	Then	LALRReduce 24
[12,36,69,86,103,219,299,395]	)	LALRReduce 24
[12,36,69,86,103,219,299,395]	$	LALRReduce 24
[12,36,69,86,103,219,299,395]	]	LALRReduce 24
[12,36,69,86,103,219,299,395]	To	LALRReduce 24
[12,36,69,86,103,219,299,395]	,	LALRReduce 24
[12,36,69,86,103,219,299,395]	Step	LALRReduce 24
[13,37,70,87,104,220,301,396]	CR	LALRReduce 29
[13,37,70,87,104,220,301,396]	Or	LALRShift [53,121,163,181,201,331,375,463]
[13,37,70,87,104,220,301,396]	Then	LALRReduce 29
[13,37,70,87,104,220,301,396]	)	LALRReduce 29
[13,37,70,87,104,220,301,396]	$	LALRReduce 29
[13,37,70,87,104,220,301,396]	]	LALRReduce 29
[13,37,70,87,104,220,301,396]	To	LALRReduce 29
[13,37,70,87,104,220,301,396]	,	LALRReduce 29
[13,37,70,87,104,220,301,396]	Step	LALRReduce 29
[14,38,71,88,105,221,302,397]	CR	LALRReduce 31
[14,38,71,88,105,221,302,397]	Or	LALRReduce 31
[14,38,71,88,105,221,302,397]	And	LALRShift [54,122,164,182,202,332,376,464]
[14,38,71,88,105,221,302,397]	Then	LALRReduce 31
[14,38,71,88,105,221,302,397]	)	LALRReduce 31
[14,38,71,88,105,221,302,397]	$	LALRReduce 31
[14,38,71,88,105,221,302,397]	]	LALRReduce 31
[14,38,71,88,105,221,302,397]	To	LALRReduce 31
[14,38,71,88,105,221,302,397]	,	LALRReduce 31
[14,38,71,88,105,221,302,397]	Step	LALRReduce 31
[15,39,72,89,106,222,303,398]	CR	LALRReduce 33
[15,39,72,89,106,222,303,398]	Or	LALRReduce 33
[15,39,72,89,106,222,303,398]	And	LALRReduce 33
[15,39,72,89,106,222,303,398]	=	LALRShift [55,123,165,183,203,333,377,465]
[15,39,72,89,106,222,303,398]	<>	LALRShift [56,124,166,184,204,334,378,466]
[15,39,72,89,106,222,303,398]	Then	LALRReduce 33
[15,39,72,89,106,222,303,398]	)	LALRReduce 33
[15,39,72,89,106,222,303,398]	$	LALRReduce 33
[15,39,72,89,106,222,303,398]	]	LALRReduce 33
[15,39,72,89,106,222,303,398]	To	LALRReduce 33
[15,39,72,89,106,222,303,398]	,	LALRReduce 33
[15,39,72,89,106,222,303,398]	Step	LALRReduce 33
[16,40,73,90,107,223,304,399]	CR	LALRReduce 36
[16,40,73,90,107,223,304,399]	Or	LALRReduce 36
[16,40,73,90,107,223,304,399]	And	LALRReduce 36
[16,40,73,90,107,223,304,399]	=	LALRReduce 36
[16,40,73,90,107,223,304,399]	<>	LALRReduce 36
[16,40,73,90,107,223,304,399]	<	LALRShift [57,125,167,185,205,335,379,467]
[16,40,73,90,107,223,304,399]	<=	LALRShift [58,126,168,186,206,336,380,468]
[16,40,73,90,107,223,304,399]	>	LALRShift [59,127,169,187,207,337,381,469]
[16,40,73,90,107,223,304,399]	>=	LALRShift [60,128,170,188,208,338,382,470]
[16,40,73,90,107,223,304,399]	Then	LALRReduce 36
[16,40,73,90,107,223,304,399]	)	LALRReduce 36
[16,40,73,90,107,223,304,399]	$	LALRReduce 36
[16,40,73,90,107,223,304,399]	]	LALRReduce 36
[16,40,73,90,107,223,304,399]	To	LALRReduce 36
[16,40,73,90,107,223,304,399]	,	LALRReduce 36
[16,40,73,90,107,223,304,399]	Step	LALRReduce 36
[17,41,74,91,108,224,305,400]	CR	LALRReduce 41
[17,41,74,91,108,224,305,400]	Or	LALRReduce 41
[17,41,74,91,108,224,305,400]	And	LALRReduce 41
[17,41,74,91,108,224,305,400]	=	LALRReduce 41
[17,41,74,91,108,224,305,400]	<>	LALRReduce 41
[17,41,74,91,108,224,305,400]	<	LALRReduce 41
[17,41,74,91,108,224,305,400]	<=	LALRReduce 41
[17,41,74,91,108,224,305,400]	>	LALRReduce 41
[17,41,74,91,108,224,305,400]	>=	LALRReduce 41
[17,41,74,91,108,224,305,400]	+	LALRShift [61,129,171,189,209,339,383,471]
[17,41,74,91,108,224,305,400]	-	LALRShift [62,130,172,190,210,340,384,472]
[17,41,74,91,108,224,305,400]	Then	LALRReduce 41
[17,41,74,91,108,224,305,400]	)	LALRReduce 41
[17,41,74,91,108,224,305,400]	$	LALRReduce 41
[17,41,74,91,108,224,305,400]	]	LALRReduce 41
[17,41,74,91,108,224,305,400]	To	LALRReduce 41
[17,41,74,91,108,224,305,400]	,	LALRReduce 41
[17,41,74,91,108,224,305,400]	Step	LALRReduce 41
[18,42,75,92,109,225,306,401]	CR	LALRReduce 44
[18,42,75,92,109,225,306,401]	Or	LALRReduce 44
[18,42,75,92,109,225,306,401]	And	LALRReduce 44
[18,42,75,92,109,225,306,401]	=	LALRReduce 44
[18,42,75,92,109,225,306,401]	<>	LALRReduce 44
[18,42,75,92,109,225,306,401]	<	LALRReduce 44
[18,42,75,92,109,225,306,401]	<=	LALRReduce 44
[18,42,75,92,109,225,306,401]	>	LALRReduce 44
[18,42,75,92,109,225,306,401]	>=	LALRReduce 44
[18,42,75,92,109,225,306,401]	+	LALRReduce 44
[18,42,75,92,109,225,306,401]	-	LALRReduce 44
[18,42,75,92,109,225,306,401]	*	LALRShift [63,131,173,191,211,341,385,473]
[18,42,75,92,109,225,306,401]	/	LALRShift [64,132,174,192,212,342,386,474]
[18,42,75,92,109,225,306,401]	Then	LALRReduce 44
[18,42,75,92,109,225,306,401]	)	LALRReduce 44
[18,42,75,92,109,225,306,401]	$	LALRReduce 44
[18,42,75,92,109,225,306,401]	]	LALRReduce 44
[18,42,75,92,109,225,306,401]	To	LALRReduce 44
[18,42,75,92,109,225,306,401]	,	LALRReduce 44
[18,42,75,92,109,225,306,401]	Step	LALRReduce 44
[19,43,76,93,110,226,307,402]	CR	LALRReduce 47
[19,43,76,93,110,226,307,402]	Or	LALRReduce 47
[19,43,76,93,110,226,307,402]	And	LALRReduce 47
[19,43,76,93,110,226,307,402]	=	LALRReduce 47
[19,43,76,93,110,226,307,402]	<>	LALRReduce 47
[19,43,76,93,110,226,307,402]	<	LALRReduce 47
[19,43,76,93,110,226,307,402]	<=	LALRReduce 47
[19,43,76,93,110,226,307,402]	>	LALRReduce 47
[19,43,76,93,110,226,307,402]	>=	LALRReduce 47
[19,43,76,93,110,226,307,402]	+	LALRReduce 47
[19,43,76,93,110,226,307,402]	-	LALRReduce 47
[19,43,76,93,110,226,307,402]	*	LALRReduce 47
[19,43,76,93,110,226,307,402]	/	LALRReduce 47
[19,43,76,93,110,226,307,402]	Then	LALRReduce 47
[19,43,76,93,110,226,307,402]	)	LALRReduce 47
[19,43,76,93,110,226,307,402]	$	LALRReduce 47
[19,43,76,93,110,226,307,402]	]	LALRReduce 47
[19,43,76,93,110,226,307,402]	To	LALRReduce 47
[19,43,76,93,110,226,307,402]	,	LALRReduce 47
[19,43,76,93,110,226,307,402]	Step	LALRReduce 47
[20,44,77,94,111,227,308,403]	CR	LALRReduce 49
[20,44,77,94,111,227,308,403]	Or	LALRReduce 49
[20,44,77,94,111,227,308,403]	And	LALRReduce 49
[20,44,77,94,111,227,308,403]	=	LALRReduce 49
[20,44,77,94,111,227,308,403]	<>	LALRReduce 49
[20,44,77,94,111,227,308,403]	<	LALRReduce 49
[20,44,77,94,111,227,308,403]	<=	LALRReduce 49
[20,44,77,94,111,227,308,403]	>	LALRReduce 49
[20,44,77,94,111,227,308,403]	>=	LALRReduce 49
[20,44,77,94,111,227,308,403]	+	LALRReduce 49
[20,44,77,94,111,227,308,403]	-	LALRReduce 49
[20,44,77,94,111,227,308,403]	*	LALRReduce 49
[20,44,77,94,111,227,308,403]	/	LALRReduce 49
[20,44,77,94,111,227,308,403]	Then	LALRReduce 49
[20,44,77,94,111,227,308,403]	)	LALRReduce 49
[20,44,77,94,111,227,308,403]	$	LALRReduce 49
[20,44,77,94,111,227,308,403]	]	LALRReduce 49
[20,44,77,94,111,227,308,403]	To	LALRReduce 49
[20,44,77,94,111,227,308,403]	,	LALRReduce 49
[20,44,77,94,111,227,308,403]	Step	LALRReduce 49
[21,45,78,95,112,228,309,404]	CR	LALRReduce 53
[21,45,78,95,112,228,309,404]	.	LALRShift [66,134,176,194,214,344,388,476]
[21,45,78,95,112,228,309,404]	Or	LALRReduce 53
[21,45,78,95,112,228,309,404]	And	LALRReduce 53
[21,45,78,95,112,228,309,404]	=	LALRReduce 53
[21,45,78,95,112,228,309,404]	<>	LALRReduce 53
[21,45,78,95,112,228,309,404]	<	LALRReduce 53
[21,45,78,95,112,228,309,404]	<=	LALRReduce 53
[21,45,78,95,112,228,309,404]	>	LALRReduce 53
[21,45,78,95,112,228,309,404]	>=	LALRReduce 53
[21,45,78,95,112,228,309,404]	+	LALRReduce 53
[21,45,78,95,112,228,309,404]	-	LALRReduce 53
[21,45,78,95,112,228,309,404]	*	LALRReduce 53
[21,45,78,95,112,228,309,404]	/	LALRReduce 53
[21,45,78,95,112,228,309,404]	[	LALRShift [31,67,135,177,195,215,345,389,477]
[21,45,78,95,112,228,309,404]	Then	LALRReduce 53
[21,45,78,95,112,228,309,404]	)	LALRReduce 53
[21,45,78,95,112,228,309,404]	$	LALRReduce 53
[21,45,78,95,112,228,309,404]	]	LALRReduce 53
[21,45,78,95,112,228,309,404]	To	LALRReduce 53
[21,45,78,95,112,228,309,404]	,	LALRReduce 53
[21,45,78,95,112,228,309,404]	Step	LALRReduce 53
[22,46,79,96,113,229,310,405]	-	LALRShift [23,47,80,97,114,230,311,406]
[22,46,79,96,113,229,310,405]	NUM	LALRShift [24,48,81,98,115,231,312,407]
[22,46,79,96,113,229,310,405]	STR	LALRShift [25,49,82,99,116,232,313,408]
[22,46,79,96,113,229,310,405]	(	LALRShift [22,46,79,96,113,229,310,405]
[22,46,79,96,113,229,310,405]	ID	LALRShift [21,45,78,95,112,228,309,404]
[23,47,80,97,114,230,311,406]	NUM	LALRShift [24,48,81,98,115,231,312,407]
[23,47,80,97,114,230,311,406]	STR	LALRShift [25,49,82,99,116,232,313,408]
[23,47,80,97,114,230,311,406]	(	LALRShift [22,46,79,96,113,229,310,405]
[23,47,80,97,114,230,311,406]	ID	LALRShift [21,45,78,95,112,228,309,404]
[24,48,81,98,115,231,312,407]	CR	LALRReduce 50
[24,48,81,98,115,231,312,407]	Or	LALRReduce 50
[24,48,81,98,115,231,312,407]	And	LALRReduce 50
[24,48,81,98,115,231,312,407]	=	LALRReduce 50
[24,48,81,98,115,231,312,407]	<>	LALRReduce 50
[24,48,81,98,115,231,312,407]	<	LALRReduce 50
[24,48,81,98,115,231,312,407]	<=	LALRReduce 50
[24,48,81,98,115,231,312,407]	>	LALRReduce 50
[24,48,81,98,115,231,312,407]	>=	LALRReduce 50
[24,48,81,98,115,231,312,407]	+	LALRReduce 50
[24,48,81,98,115,231,312,407]	-	LALRReduce 50
[24,48,81,98,115,231,312,407]	*	LALRReduce 50
[24,48,81,98,115,231,312,407]	/	LALRReduce 50
[24,48,81,98,115,231,312,407]	Then	LALRReduce 50
[24,48,81,98,115,231,312,407]	)	LALRReduce 50
[24,48,81,98,115,231,312,407]	$	LALRReduce 50
[24,48,81,98,115,231,312,407]	]	LALRReduce 50
[24,48,81,98,115,231,312,407]	To	LALRReduce 50
[24,48,81,98,115,231,312,407]	,	LALRReduce 50
[24,48,81,98,115,231,312,407]	Step	LALRReduce 50
[25,49,82,99,116,232,313,408]	CR	LALRReduce 51
[25,49,82,99,116,232,313,408]	Or	LALRReduce 51
[25,49,82,99,116,232,313,408]	And	LALRReduce 51
[25,49,82,99,116,232,313,408]	=	LALRReduce 51
[25,49,82,99,116,232,313,408]	<>	LALRReduce 51
[25,49,82,99,116,232,313,408]	<	LALRReduce 51
[25,49,82,99,116,232,313,408]	<=	LALRReduce 51
[25,49,82,99,116,232,313,408]	>	LALRReduce 51
[25,49,82,99,116,232,313,408]	>=	LALRReduce 51
[25,49,82,99,116,232,313,408]	+	LALRReduce 51
[25,49,82,99,116,232,313,408]	-	LALRReduce 51
[25,49,82,99,116,232,313,408]	*	LALRReduce 51
[25,49,82,99,116,232,313,408]	/	LALRReduce 51
[25,49,82,99,116,232,313,408]	Then	LALRReduce 51
[25,49,82,99,116,232,313,408]	)	LALRReduce 51
[25,49,82,99,116,232,313,408]	$	LALRReduce 51
[25,49,82,99,116,232,313,408]	]	LALRReduce 51
[25,49,82,99,116,232,313,408]	To	LALRReduce 51
[25,49,82,99,116,232,313,408]	,	LALRReduce 51
[25,49,82,99,116,232,313,408]	Step	LALRReduce 51
[26,255]	=	LALRShift [84,360]
[27,256]	$	LALRReduce 3
[27,256]	CR	LALRReduce 3
[28,257]	-	LALRShift [23,47,80,97,114,230,311,406]
[28,257]	NUM	LALRShift [24,48,81,98,115,231,312,407]
[28,257]	STR	LALRShift [25,49,82,99,116,232,313,408]
[28,257]	(	LALRShift [22,46,79,96,113,229,310,405]
[28,257]	ID	LALRShift [21,45,78,95,112,228,309,404]
[29,258]	ID	LALRShift [100,362]
[30,259]	)	LALRShift [101,363]
[31,67,135,177,195,215,345,389,477]	-	LALRShift [23,47,80,97,114,230,311,406]
[31,67,135,177,195,215,345,389,477]	NUM	LALRShift [24,48,81,98,115,231,312,407]
[31,67,135,177,195,215,345,389,477]	STR	LALRShift [25,49,82,99,116,232,313,408]
[31,67,135,177,195,215,345,389,477]	(	LALRShift [22,46,79,96,113,229,310,405]
[31,67,135,177,195,215,345,389,477]	ID	LALRShift [21,45,78,95,112,228,309,404]
[32,260]	$	LALRReduce 4
[32,260]	CR	LALRReduce 4
[33,261]	=	LALRShift [117,364]
[34,262]	CR	LALRShift [52,119,237,427,502]
[35,263]	Then	LALRShift [120,366]
[50]	$	LALRReduce 21
[51,359]	EndWhile	LALRShift [138,431]
[52,119,237,427,502]	EndWhile	LALRReduce 18
[52,119,237,427,502]	While	LALRShift [4,142]
[52,119,237,427,502]	ID	LALRShift [5,143]
[52,119,237,427,502]	Goto	LALRShift [6,144]
[52,119,237,427,502]	For	LALRShift [7,145]
[52,119,237,427,502]	Sub	LALRShift [8,146]
[52,119,237,427,502]	If	LALRShift [9,147]
[52,119,237,427,502]	EndSub	LALRReduce 18
[52,119,237,427,502]	EndIf	LALRReduce 18
[52,119,237,427,502]	Else	LALRReduce 18
[52,119,237,427,502]	ElseIf	LALRReduce 18
[52,119,237,427,502]	EndFor	LALRReduce 18
[53,121,163,181,201,331,375,463]	-	LALRShift [23,47,80,97,114,230,311,406]
[53,121,163,181,201,331,375,463]	NUM	LALRShift [24,48,81,98,115,231,312,407]
[53,121,163,181,201,331,375,463]	STR	LALRShift [25,49,82,99,116,232,313,408]
[53,121,163,181,201,331,375,463]	(	LALRShift [22,46,79,96,113,229,310,405]
[53,121,163,181,201,331,375,463]	ID	LALRShift [21,45,78,95,112,228,309,404]
[54,122,164,182,202,332,376,464]	-	LALRShift [23,47,80,97,114,230,311,406]
[54,122,164,182,202,332,376,464]	NUM	LALRShift [24,48,81,98,115,231,312,407]
[54,122,164,182,202,332,376,464]	STR	LALRShift [25,49,82,99,116,232,313,408]
[54,122,164,182,202,332,376,464]	(	LALRShift [22,46,79,96,113,229,310,405]
[54,122,164,182,202,332,376,464]	ID	LALRShift [21,45,78,95,112,228,309,404]
[55,123,165,183,203,333,377,465]	-	LALRShift [23,47,80,97,114,230,311,406]
[55,123,165,183,203,333,377,465]	NUM	LALRShift [24,48,81,98,115,231,312,407]
[55,123,165,183,203,333,377,465]	STR	LALRShift [25,49,82,99,116,232,313,408]
[55,123,165,183,203,333,377,465]	(	LALRShift [22,46,79,96,113,229,310,405]
[55,123,165,183,203,333,377,465]	ID	LALRShift [21,45,78,95,112,228,309,404]
[56,124,166,184,204,334,378,466]	-	LALRShift [23,47,80,97,114,230,311,406]
[56,124,166,184,204,334,378,466]	NUM	LALRShift [24,48,81,98,115,231,312,407]
[56,124,166,184,204,334,378,466]	STR	LALRShift [25,49,82,99,116,232,313,408]
[56,124,166,184,204,334,378,466]	(	LALRShift [22,46,79,96,113,229,310,405]
[56,124,166,184,204,334,378,466]	ID	LALRShift [21,45,78,95,112,228,309,404]
[57,125,167,185,205,335,379,467]	-	LALRShift [23,47,80,97,114,230,311,406]
[57,125,167,185,205,335,379,467]	NUM	LALRShift [24,48,81,98,115,231,312,407]
[57,125,167,185,205,335,379,467]	STR	LALRShift [25,49,82,99,116,232,313,408]
[57,125,167,185,205,335,379,467]	(	LALRShift [22,46,79,96,113,229,310,405]
[57,125,167,185,205,335,379,467]	ID	LALRShift [21,45,78,95,112,228,309,404]
[58,126,168,186,206,336,380,468]	-	LALRShift [23,47,80,97,114,230,311,406]
[58,126,168,186,206,336,380,468]	NUM	LALRShift [24,48,81,98,115,231,312,407]
[58,126,168,186,206,336,380,468]	STR	LALRShift [25,49,82,99,116,232,313,408]
[58,126,168,186,206,336,380,468]	(	LALRShift [22,46,79,96,113,229,310,405]
[58,126,168,186,206,336,380,468]	ID	LALRShift [21,45,78,95,112,228,309,404]
[59,127,169,187,207,337,381,469]	-	LALRShift [23,47,80,97,114,230,311,406]
[59,127,169,187,207,337,381,469]	NUM	LALRShift [24,48,81,98,115,231,312,407]
[59,127,169,187,207,337,381,469]	STR	LALRShift [25,49,82,99,116,232,313,408]
[59,127,169,187,207,337,381,469]	(	LALRShift [22,46,79,96,113,229,310,405]
[59,127,169,187,207,337,381,469]	ID	LALRShift [21,45,78,95,112,228,309,404]
[60,128,170,188,208,338,382,470]	-	LALRShift [23,47,80,97,114,230,311,406]
[60,128,170,188,208,338,382,470]	NUM	LALRShift [24,48,81,98,115,231,312,407]
[60,128,170,188,208,338,382,470]	STR	LALRShift [25,49,82,99,116,232,313,408]
[60,128,170,188,208,338,382,470]	(	LALRShift [22,46,79,96,113,229,310,405]
[60,128,170,188,208,338,382,470]	ID	LALRShift [21,45,78,95,112,228,309,404]
[61,129,171,189,209,339,383,471]	-	LALRShift [23,47,80,97,114,230,311,406]
[61,129,171,189,209,339,383,471]	NUM	LALRShift [24,48,81,98,115,231,312,407]
[61,129,171,189,209,339,383,471]	STR	LALRShift [25,49,82,99,116,232,313,408]
[61,129,171,189,209,339,383,471]	(	LALRShift [22,46,79,96,113,229,310,405]
[61,129,171,189,209,339,383,471]	ID	LALRShift [21,45,78,95,112,228,309,404]
[62,130,172,190,210,340,384,472]	-	LALRShift [23,47,80,97,114,230,311,406]
[62,130,172,190,210,340,384,472]	NUM	LALRShift [24,48,81,98,115,231,312,407]
[62,130,172,190,210,340,384,472]	STR	LALRShift [25,49,82,99,116,232,313,408]
[62,130,172,190,210,340,384,472]	(	LALRShift [22,46,79,96,113,229,310,405]
[62,130,172,190,210,340,384,472]	ID	LALRShift [21,45,78,95,112,228,309,404]
[63,131,173,191,211,341,385,473]	-	LALRShift [23,47,80,97,114,230,311,406]
[63,131,173,191,211,341,385,473]	NUM	LALRShift [24,48,81,98,115,231,312,407]
[63,131,173,191,211,341,385,473]	STR	LALRShift [25,49,82,99,116,232,313,408]
[63,131,173,191,211,341,385,473]	(	LALRShift [22,46,79,96,113,229,310,405]
[63,131,173,191,211,341,385,473]	ID	LALRShift [21,45,78,95,112,228,309,404]
[64,132,174,192,212,342,386,474]	-	LALRShift [23,47,80,97,114,230,311,406]
[64,132,174,192,212,342,386,474]	NUM	LALRShift [24,48,81,98,115,231,312,407]
[64,132,174,192,212,342,386,474]	STR	LALRShift [25,49,82,99,116,232,313,408]
[64,132,174,192,212,342,386,474]	(	LALRShift [22,46,79,96,113,229,310,405]
[64,132,174,192,212,342,386,474]	ID	LALRShift [21,45,78,95,112,228,309,404]
[65,133,175,193,213,343,387,475]	CR	LALRReduce 56
[65,133,175,193,213,343,387,475]	Or	LALRReduce 56
[65,133,175,193,213,343,387,475]	And	LALRReduce 56
[65,133,175,193,213,343,387,475]	=	LALRReduce 56
[65,133,175,193,213,343,387,475]	<>	LALRReduce 56
[65,133,175,193,213,343,387,475]	<	LALRReduce 56
[65,133,175,193,213,343,387,475]	<=	LALRReduce 56
[65,133,175,193,213,343,387,475]	>	LALRReduce 56
[65,133,175,193,213,343,387,475]	>=	LALRReduce 56
[65,133,175,193,213,343,387,475]	+	LALRReduce 56
[65,133,175,193,213,343,387,475]	-	LALRReduce 56
[65,133,175,193,213,343,387,475]	*	LALRReduce 56
[65,133,175,193,213,343,387,475]	/	LALRReduce 56
[65,133,175,193,213,343,387,475]	Then	LALRReduce 56
[65,133,175,193,213,343,387,475]	)	LALRReduce 56
[65,133,175,193,213,343,387,475]	$	LALRReduce 56
[65,133,175,193,213,343,387,475]	]	LALRReduce 56
[65,133,175,193,213,343,387,475]	To	LALRReduce 56
[65,133,175,193,213,343,387,475]	,	LALRReduce 56
[65,133,175,193,213,343,387,475]	Step	LALRReduce 56
[66,134,176,194,214,344,388,476]	ID	LALRShift [160,250,278,293,327,421,456,516]
[68,136,178,196,216,346,390,478]	)	LALRShift [162,252,280,295,329,423,458,518]
[83,137,179,197,217,347,391,479]	CR	LALRReduce 48
[83,137,179,197,217,347,391,479]	Or	LALRReduce 48
[83,137,179,197,217,347,391,479]	And	LALRReduce 48
[83,137,179,197,217,347,391,479]	=	LALRReduce 48
[83,137,179,197,217,347,391,479]	<>	LALRReduce 48
[83,137,179,197,217,347,391,479]	<	LALRReduce 48
[83,137,179,197,217,347,391,479]	<=	LALRReduce 48
[83,137,179,197,217,347,391,479]	>	LALRReduce 48
[83,137,179,197,217,347,391,479]	>=	LALRReduce 48
[83,137,179,197,217,347,391,479]	+	LALRReduce 48
[83,137,179,197,217,347,391,479]	-	LALRReduce 48
[83,137,179,197,217,347,391,479]	*	LALRReduce 48
[83,137,179,197,217,347,391,479]	/	LALRReduce 48
[83,137,179,197,217,347,391,479]	Then	LALRReduce 48
[83,137,179,197,217,347,391,479]	)	LALRReduce 48
[83,137,179,197,217,347,391,479]	$	LALRReduce 48
[83,137,179,197,217,347,391,479]	]	LALRReduce 48
[83,137,179,197,217,347,391,479]	To	LALRReduce 48
[83,137,179,197,217,347,391,479]	,	LALRReduce 48
[83,137,179,197,217,347,391,479]	Step	LALRReduce 48
[84,360]	-	LALRShift [23,47,80,97,114,230,311,406]
[84,360]	NUM	LALRShift [24,48,81,98,115,231,312,407]
[84,360]	STR	LALRShift [25,49,82,99,116,232,313,408]
[84,360]	(	LALRShift [22,46,79,96,113,229,310,405]
[84,360]	ID	LALRShift [21,45,78,95,112,228,309,404]
[85,361]	$	LALRReduce 12
[85,361]	CR	LALRReduce 12
[100,362]	=	LALRShift [198,433]
[100,362]	(	LALRShift [199,434]
[101,363]	$	LALRReduce 15
[101,363]	CR	LALRReduce 15
[102,161,251,279,294,328,422,457,517]	]	LALRShift [200,265,357,370,372,393,481,499,533]
[117,364]	-	LALRShift [23,47,80,97,114,230,311,406]
[117,364]	NUM	LALRShift [24,48,81,98,115,231,312,407]
[117,364]	STR	LALRShift [25,49,82,99,116,232,313,408]
[117,364]	(	LALRShift [22,46,79,96,113,229,310,405]
[117,364]	ID	LALRShift [21,45,78,95,112,228,309,404]
[118,365]	EndSub	LALRShift [233,436]
[120,366]	CR	LALRShift [52,119,237,427,502]
[138,431]	$	LALRReduce 2
[138,431]	CR	LALRReduce 2
[139,234,354,484,530]	CR	LALRShift [253,348,428,522,541]
[141,235,355,485,531]	EndWhile	LALRReduce 17
[141,235,355,485,531]	EndSub	LALRReduce 17
[141,235,355,485,531]	EndIf	LALRReduce 17
[141,235,355,485,531]	Else	LALRReduce 17
[141,235,355,485,531]	ElseIf	LALRReduce 17
[141,235,355,485,531]	EndFor	LALRReduce 17
[148,238,266,281,315,409,444,504]	CR	LALRReduce 30
[148,238,266,281,315,409,444,504]	Or	LALRReduce 30
[148,238,266,281,315,409,444,504]	And	LALRShift [54,122,164,182,202,332,376,464]
[148,238,266,281,315,409,444,504]	Then	LALRReduce 30
[148,238,266,281,315,409,444,504]	)	LALRReduce 30
[148,238,266,281,315,409,444,504]	$	LALRReduce 30
[148,238,266,281,315,409,444,504]	]	LALRReduce 30
[148,238,266,281,315,409,444,504]	To	LALRReduce 30
[148,238,266,281,315,409,444,504]	,	LALRReduce 30
[148,238,266,281,315,409,444,504]	Step	LALRReduce 30
[149,239,267,282,316,410,445,505]	CR	LALRReduce 32
[149,239,267,282,316,410,445,505]	Or	LALRReduce 32
[149,239,267,282,316,410,445,505]	And	LALRReduce 32
[149,239,267,282,316,410,445,505]	=	LALRShift [55,123,165,183,203,333,377,465]
[149,239,267,282,316,410,445,505]	<>	LALRShift [56,124,166,184,204,334,378,466]
[149,239,267,282,316,410,445,505]	Then	LALRReduce 32
[149,239,267,282,316,410,445,505]	)	LALRReduce 32
[149,239,267,282,316,410,445,505]	$	LALRReduce 32
[149,239,267,282,316,410,445,505]	]	LALRReduce 32
[149,239,267,282,316,410,445,505]	To	LALRReduce 32
[149,239,267,282,316,410,445,505]	,	LALRReduce 32
[149,239,267,282,316,410,445,505]	Step	LALRReduce 32
[150,240,268,283,317,411,446,506]	CR	LALRReduce 34
[150,240,268,283,317,411,446,506]	Or	LALRReduce 34
[150,240,268,283,317,411,446,506]	And	LALRReduce 34
[150,240,268,283,317,411,446,506]	=	LALRReduce 34
[150,240,268,283,317,411,446,506]	<>	LALRReduce 34
[150,240,268,283,317,411,446,506]	<	LALRShift [57,125,167,185,205,335,379,467]
[150,240,268,283,317,411,446,506]	<=	LALRShift [58,126,168,186,206,336,380,468]
[150,240,268,283,317,411,446,506]	>	LALRShift [59,127,169,187,207,337,381,469]
[150,240,268,283,317,411,446,506]	>=	LALRShift [60,128,170,188,208,338,382,470]
[150,240,268,283,317,411,446,506]	Then	LALRReduce 34
[150,240,268,283,317,411,446,506]	)	LALRReduce 34
[150,240,268,283,317,411,446,506]	$	LALRReduce 34
[150,240,268,283,317,411,446,506]	]	LALRReduce 34
[150,240,268,283,317,411,446,506]	To	LALRReduce 34
[150,240,268,283,317,411,446,506]	,	LALRReduce 34
[150,240,268,283,317,411,446,506]	Step	LALRReduce 34
[151,241,269,284,318,412,447,507]	CR	LALRReduce 35
[151,241,269,284,318,412,447,507]	Or	LALRReduce 35
[151,241,269,284,318,412,447,507]	And	LALRReduce 35
[151,241,269,284,318,412,447,507]	=	LALRReduce 35
[151,241,269,284,318,412,447,507]	<>	LALRReduce 35
[151,241,269,284,318,412,447,507]	<	LALRShift [57,125,167,185,205,335,379,467]
[151,241,269,284,318,412,447,507]	<=	LALRShift [58,126,168,186,206,336,380,468]
[151,241,269,284,318,412,447,507]	>	LALRShift [59,127,169,187,207,337,381,469]
[151,241,269,284,318,412,447,507]	>=	LALRShift [60,128,170,188,208,338,382,470]
[151,241,269,284,318,412,447,507]	Then	LALRReduce 35
[151,241,269,284,318,412,447,507]	)	LALRReduce 35
[151,241,269,284,318,412,447,507]	$	LALRReduce 35
[151,241,269,284,318,412,447,507]	]	LALRReduce 35
[151,241,269,284,318,412,447,507]	To	LALRReduce 35
[151,241,269,284,318,412,447,507]	,	LALRReduce 35
[151,241,269,284,318,412,447,507]	Step	LALRReduce 35
[152,242,270,285,319,413,448,508]	CR	LALRReduce 37
[152,242,270,285,319,413,448,508]	Or	LALRReduce 37
[152,242,270,285,319,413,448,508]	And	LALRReduce 37
[152,242,270,285,319,413,448,508]	=	LALRReduce 37
[152,242,270,285,319,413,448,508]	<>	LALRReduce 37
[152,242,270,285,319,413,448,508]	<	LALRReduce 37
[152,242,270,285,319,413,448,508]	<=	LALRReduce 37
[152,242,270,285,319,413,448,508]	>	LALRReduce 37
[152,242,270,285,319,413,448,508]	>=	LALRReduce 37
[152,242,270,285,319,413,448,508]	+	LALRShift [61,129,171,189,209,339,383,471]
[152,242,270,285,319,413,448,508]	-	LALRShift [62,130,172,190,210,340,384,472]
[152,242,270,285,319,413,448,508]	Then	LALRReduce 37
[152,242,270,285,319,413,448,508]	)	LALRReduce 37
[152,242,270,285,319,413,448,508]	$	LALRReduce 37
[152,242,270,285,319,413,448,508]	]	LALRReduce 37
[152,242,270,285,319,413,448,508]	To	LALRReduce 37
[152,242,270,285,319,413,448,508]	,	LALRReduce 37
[152,242,270,285,319,413,448,508]	Step	LALRReduce 37
[153,243,271,286,320,414,449,509]	CR	LALRReduce 38
[153,243,271,286,320,414,449,509]	Or	LALRReduce 38
[153,243,271,286,320,414,449,509]	And	LALRReduce 38
[153,243,271,286,320,414,449,509]	=	LALRReduce 38
[153,243,271,286,320,414,449,509]	<>	LALRReduce 38
[153,243,271,286,320,414,449,509]	<	LALRReduce 38
[153,243,271,286,320,414,449,509]	<=	LALRReduce 38
[153,243,271,286,320,414,449,509]	>	LALRReduce 38
[153,243,271,286,320,414,449,509]	>=	LALRReduce 38
[153,243,271,286,320,414,449,509]	+	LALRShift [61,129,171,189,209,339,383,471]
[153,243,271,286,320,414,449,509]	-	LALRShift [62,130,172,190,210,340,384,472]
[153,243,271,286,320,414,449,509]	Then	LALRReduce 38
[153,243,271,286,320,414,449,509]	)	LALRReduce 38
[153,243,271,286,320,414,449,509]	$	LALRReduce 38
[153,243,271,286,320,414,449,509]	]	LALRReduce 38
[153,243,271,286,320,414,449,509]	To	LALRReduce 38
[153,243,271,286,320,414,449,509]	,	LALRReduce 38
[153,243,271,286,320,414,449,509]	Step	LALRReduce 38
[154,244,272,287,321,415,450,510]	CR	LALRReduce 39
[154,244,272,287,321,415,450,510]	Or	LALRReduce 39
[154,244,272,287,321,415,450,510]	And	LALRReduce 39
[154,244,272,287,321,415,450,510]	=	LALRReduce 39
[154,244,272,287,321,415,450,510]	<>	LALRReduce 39
[154,244,272,287,321,415,450,510]	<	LALRReduce 39
[154,244,272,287,321,415,450,510]	<=	LALRReduce 39
[154,244,272,287,321,415,450,510]	>	LALRReduce 39
[154,244,272,287,321,415,450,510]	>=	LALRReduce 39
[154,244,272,287,321,415,450,510]	+	LALRShift [61,129,171,189,209,339,383,471]
[154,244,272,287,321,415,450,510]	-	LALRShift [62,130,172,190,210,340,384,472]
[154,244,272,287,321,415,450,510]	Then	LALRReduce 39
[154,244,272,287,321,415,450,510]	)	LALRReduce 39
[154,244,272,287,321,415,450,510]	$	LALRReduce 39
[154,244,272,287,321,415,450,510]	]	LALRReduce 39
[154,244,272,287,321,415,450,510]	To	LALRReduce 39
[154,244,272,287,321,415,450,510]	,	LALRReduce 39
[154,244,272,287,321,415,450,510]	Step	LALRReduce 39
[155,245,273,288,322,416,451,511]	CR	LALRReduce 40
[155,245,273,288,322,416,451,511]	Or	LALRReduce 40
[155,245,273,288,322,416,451,511]	And	LALRReduce 40
[155,245,273,288,322,416,451,511]	=	LALRReduce 40
[155,245,273,288,322,416,451,511]	<>	LALRReduce 40
[155,245,273,288,322,416,451,511]	<	LALRReduce 40
[155,245,273,288,322,416,451,511]	<=	LALRReduce 40
[155,245,273,288,322,416,451,511]	>	LALRReduce 40
[155,245,273,288,322,416,451,511]	>=	LALRReduce 40
[155,245,273,288,322,416,451,511]	+	LALRShift [61,129,171,189,209,339,383,471]
[155,245,273,288,322,416,451,511]	-	LALRShift [62,130,172,190,210,340,384,472]
[155,245,273,288,322,416,451,511]	Then	LALRReduce 40
[155,245,273,288,322,416,451,511]	)	LALRReduce 40
[155,245,273,288,322,416,451,511]	$	LALRReduce 40
[155,245,273,288,322,416,451,511]	]	LALRReduce 40
[155,245,273,288,322,416,451,511]	To	LALRReduce 40
[155,245,273,288,322,416,451,511]	,	LALRReduce 40
[155,245,273,288,322,416,451,511]	Step	LALRReduce 40
[156,246,274,289,323,417,452,512]	CR	LALRReduce 42
[156,246,274,289,323,417,452,512]	Or	LALRReduce 42
[156,246,274,289,323,417,452,512]	And	LALRReduce 42
[156,246,274,289,323,417,452,512]	=	LALRReduce 42
[156,246,274,289,323,417,452,512]	<>	LALRReduce 42
[156,246,274,289,323,417,452,512]	<	LALRReduce 42
[156,246,274,289,323,417,452,512]	<=	LALRReduce 42
[156,246,274,289,323,417,452,512]	>	LALRReduce 42
[156,246,274,289,323,417,452,512]	>=	LALRReduce 42
[156,246,274,289,323,417,452,512]	+	LALRReduce 42
[156,246,274,289,323,417,452,512]	-	LALRReduce 42
[156,246,274,289,323,417,452,512]	*	LALRShift [63,131,173,191,211,341,385,473]
[156,246,274,289,323,417,452,512]	/	LALRShift [64,132,174,192,212,342,386,474]
[156,246,274,289,323,417,452,512]	Then	LALRReduce 42
[156,246,274,289,323,417,452,512]	)	LALRReduce 42
[156,246,274,289,323,417,452,512]	$	LALRReduce 42
[156,246,274,289,323,417,452,512]	]	LALRReduce 42
[156,246,274,289,323,417,452,512]	To	LALRReduce 42
[156,246,274,289,323,417,452,512]	,	LALRReduce 42
[156,246,274,289,323,417,452,512]	Step	LALRReduce 42
[157,247,275,290,324,418,453,513]	CR	LALRReduce 43
[157,247,275,290,324,418,453,513]	Or	LALRReduce 43
[157,247,275,290,324,418,453,513]	And	LALRReduce 43
[157,247,275,290,324,418,453,513]	=	LALRReduce 43
[157,247,275,290,324,418,453,513]	<>	LALRReduce 43
[157,247,275,290,324,418,453,513]	<	LALRReduce 43
[157,247,275,290,324,418,453,513]	<=	LALRReduce 43
[157,247,275,290,324,418,453,513]	>	LALRReduce 43
[157,247,275,290,324,418,453,513]	>=	LALRReduce 43
[157,247,275,290,324,418,453,513]	+	LALRReduce 43
[157,247,275,290,324,418,453,513]	-	LALRReduce 43
[157,247,275,290,324,418,453,513]	*	LALRShift [63,131,173,191,211,341,385,473]
[157,247,275,290,324,418,453,513]	/	LALRShift [64,132,174,192,212,342,386,474]
[157,247,275,290,324,418,453,513]	Then	LALRReduce 43
[157,247,275,290,324,418,453,513]	)	LALRReduce 43
[157,247,275,290,324,418,453,513]	$	LALRReduce 43
[157,247,275,290,324,418,453,513]	]	LALRReduce 43
[157,247,275,290,324,418,453,513]	To	LALRReduce 43
[157,247,275,290,324,418,453,513]	,	LALRReduce 43
[157,247,275,290,324,418,453,513]	Step	LALRReduce 43
[158,248,276,291,325,419,454,514]	CR	LALRReduce 45
[158,248,276,291,325,419,454,514]	Or	LALRReduce 45
[158,248,276,291,325,419,454,514]	And	LALRReduce 45
[158,248,276,291,325,419,454,514]	=	LALRReduce 45
[158,248,276,291,325,419,454,514]	<>	LALRReduce 45
[158,248,276,291,325,419,454,514]	<	LALRReduce 45
[158,248,276,291,325,419,454,514]	<=	LALRReduce 45
[158,248,276,291,325,419,454,514]	>	LALRReduce 45
[158,248,276,291,325,419,454,514]	>=	LALRReduce 45
[158,248,276,291,325,419,454,514]	+	LALRReduce 45
[158,248,276,291,325,419,454,514]	-	LALRReduce 45
[158,248,276,291,325,419,454,514]	*	LALRReduce 45
[158,248,276,291,325,419,454,514]	/	LALRReduce 45
[158,248,276,291,325,419,454,514]	Then	LALRReduce 45
[158,248,276,291,325,419,454,514]	)	LALRReduce 45
[158,248,276,291,325,419,454,514]	$	LALRReduce 45
[158,248,276,291,325,419,454,514]	]	LALRReduce 45
[158,248,276,291,325,419,454,514]	To	LALRReduce 45
[158,248,276,291,325,419,454,514]	,	LALRReduce 45
[158,248,276,291,325,419,454,514]	Step	LALRReduce 45
[159,249,277,292,326,420,455,515]	CR	LALRReduce 46
[159,249,277,292,326,420,455,515]	Or	LALRReduce 46
[159,249,277,292,326,420,455,515]	And	LALRReduce 46
[159,249,277,292,326,420,455,515]	=	LALRReduce 46
[159,249,277,292,326,420,455,515]	<>	LALRReduce 46
[159,249,277,292,326,420,455,515]	<	LALRReduce 46
[159,249,277,292,326,420,455,515]	<=	LALRReduce 46
[159,249,277,292,326,420,455,515]	>	LALRReduce 46
[159,249,277,292,326,420,455,515]	>=	LALRReduce 46
[159,249,277,292,326,420,455,515]	+	LALRReduce 46
[159,249,277,292,326,420,455,515]	-	LALRReduce 46
[159,249,277,292,326,420,455,515]	*	LALRReduce 46
[159,249,277,292,326,420,455,515]	/	LALRReduce 46
[159,249,277,292,326,420,455,515]	Then	LALRReduce 46
[159,249,277,292,326,420,455,515]	)	LALRReduce 46
[159,249,277,292,326,420,455,515]	$	LALRReduce 46
[159,249,277,292,326,420,455,515]	]	LALRReduce 46
[159,249,277,292,326,420,455,515]	To	LALRReduce 46
[159,249,277,292,326,420,455,515]	,	LALRReduce 46
[159,249,277,292,326,420,455,515]	Step	LALRReduce 46
[160,250,278,293,327,421,456,516]	CR	LALRReduce 54
[160,250,278,293,327,421,456,516]	(	LALRShift [264,356,369,371,392,480,498,532]
[160,250,278,293,327,421,456,516]	Or	LALRReduce 54
[160,250,278,293,327,421,456,516]	And	LALRReduce 54
[160,250,278,293,327,421,456,516]	=	LALRReduce 54
[160,250,278,293,327,421,456,516]	<>	LALRReduce 54
[160,250,278,293,327,421,456,516]	<	LALRReduce 54
[160,250,278,293,327,421,456,516]	<=	LALRReduce 54
[160,250,278,293,327,421,456,516]	>	LALRReduce 54
[160,250,278,293,327,421,456,516]	>=	LALRReduce 54
[160,250,278,293,327,421,456,516]	+	LALRReduce 54
[160,250,278,293,327,421,456,516]	-	LALRReduce 54
[160,250,278,293,327,421,456,516]	*	LALRReduce 54
[160,250,278,293,327,421,456,516]	/	LALRReduce 54
[160,250,278,293,327,421,456,516]	Then	LALRReduce 54
[160,250,278,293,327,421,456,516]	)	LALRReduce 54
[160,250,278,293,327,421,456,516]	$	LALRReduce 54
[160,250,278,293,327,421,456,516]	]	LALRReduce 54
[160,250,278,293,327,421,456,516]	To	LALRReduce 54
[160,250,278,293,327,421,456,516]	,	LALRReduce 54
[160,250,278,293,327,421,456,516]	Step	LALRReduce 54
[162,252,280,295,329,423,458,518]	CR	LALRReduce 52
[162,252,280,295,329,423,458,518]	Or	LALRReduce 52
[162,252,280,295,329,423,458,518]	And	LALRReduce 52
[162,252,280,295,329,423,458,518]	=	LALRReduce 52
[162,252,280,295,329,423,458,518]	<>	LALRReduce 52
[162,252,280,295,329,423,458,518]	<	LALRReduce 52
[162,252,280,295,329,423,458,518]	<=	LALRReduce 52
[162,252,280,295,329,423,458,518]	>	LALRReduce 52
[162,252,280,295,329,423,458,518]	>=	LALRReduce 52
[162,252,280,295,329,423,458,518]	+	LALRReduce 52
[162,252,280,295,329,423,458,518]	-	LALRReduce 52
[162,252,280,295,329,423,458,518]	*	LALRReduce 52
[162,252,280,295,329,423,458,518]	/	LALRReduce 52
[162,252,280,295,329,423,458,518]	Then	LALRReduce 52
[162,252,280,295,329,423,458,518]	)	LALRReduce 52
[162,252,280,295,329,423,458,518]	$	LALRReduce 52
[162,252,280,295,329,423,458,518]	]	LALRReduce 52
[162,252,280,295,329,423,458,518]	To	LALRReduce 52
[162,252,280,295,329,423,458,518]	,	LALRReduce 52
[162,252,280,295,329,423,458,518]	Step	LALRReduce 52
[180,432]	$	LALRReduce 16
[180,432]	CR	LALRReduce 16
[198,433]	-	LALRShift [23,47,80,97,114,230,311,406]
[198,433]	NUM	LALRShift [24,48,81,98,115,231,312,407]
[198,433]	STR	LALRShift [25,49,82,99,116,232,313,408]
[198,433]	(	LALRShift [22,46,79,96,113,229,310,405]
[198,433]	ID	LALRShift [21,45,78,95,112,228,309,404]
[199,434]	)	LALRReduce 25
[199,434]	-	LALRShift [23,47,80,97,114,230,311,406]
[199,434]	NUM	LALRShift [24,48,81,98,115,231,312,407]
[199,434]	STR	LALRShift [25,49,82,99,116,232,313,408]
[199,434]	(	LALRShift [22,46,79,96,113,229,310,405]
[199,434]	ID	LALRShift [21,45,78,95,112,228,309,404]
[200,265,357,370,372,393,481,499,533]	=	LALRReduce 57
[200,265,357,370,372,393,481,499,533]	[	LALRShift [31,67,135,177,195,215,345,389,477]
[200,265,357,370,372,393,481,499,533]	CR	LALRReduce 57
[200,265,357,370,372,393,481,499,533]	Or	LALRReduce 57
[200,265,357,370,372,393,481,499,533]	And	LALRReduce 57
[200,265,357,370,372,393,481,499,533]	<>	LALRReduce 57
[200,265,357,370,372,393,481,499,533]	<	LALRReduce 57
[200,265,357,370,372,393,481,499,533]	<=	LALRReduce 57
[200,265,357,370,372,393,481,499,533]	>	LALRReduce 57
[200,265,357,370,372,393,481,499,533]	>=	LALRReduce 57
[200,265,357,370,372,393,481,499,533]	+	LALRReduce 57
[200,265,357,370,372,393,481,499,533]	-	LALRReduce 57
[200,265,357,370,372,393,481,499,533]	*	LALRReduce 57
[200,265,357,370,372,393,481,499,533]	/	LALRReduce 57
[200,265,357,370,372,393,481,499,533]	Then	LALRReduce 57
[200,265,357,370,372,393,481,499,533]	)	LALRReduce 57
[200,265,357,370,372,393,481,499,533]	$	LALRReduce 57
[200,265,357,370,372,393,481,499,533]	]	LALRReduce 57
[200,265,357,370,372,393,481,499,533]	To	LALRReduce 57
[200,265,357,370,372,393,481,499,533]	,	LALRReduce 57
[200,265,357,370,372,393,481,499,533]	Step	LALRReduce 57
[218,435]	To	LALRShift [330,490]
[233,436]	$	LALRReduce 6
[233,436]	CR	LALRReduce 6
[236,437]	ElseIf	LALRShift [351,493]
[236,437]	EndIf	LALRShift [352,494]
[236,437]	Else	LALRShift [353,495]
[253,348,428,522,541]	EndWhile	LALRReduce 18
[253,348,428,522,541]	While	LALRShift [4,142]
[253,348,428,522,541]	ID	LALRShift [5,143]
[253,348,428,522,541]	Goto	LALRShift [6,144]
[253,348,428,522,541]	For	LALRShift [7,145]
[253,348,428,522,541]	Sub	LALRShift [8,146]
[253,348,428,522,541]	If	LALRShift [9,147]
[253,348,428,522,541]	EndSub	LALRReduce 18
[253,348,428,522,541]	EndIf	LALRReduce 18
[253,348,428,522,541]	Else	LALRReduce 18
[253,348,428,522,541]	ElseIf	LALRReduce 18
[253,348,428,522,541]	EndFor	LALRReduce 18
[264,356,369,371,392,480,498,532]	)	LALRReduce 25
[264,356,369,371,392,480,498,532]	-	LALRShift [23,47,80,97,114,230,311,406]
[264,356,369,371,392,480,498,532]	NUM	LALRShift [24,48,81,98,115,231,312,407]
[264,356,369,371,392,480,498,532]	STR	LALRShift [25,49,82,99,116,232,313,408]
[264,356,369,371,392,480,498,532]	(	LALRShift [22,46,79,96,113,229,310,405]
[264,356,369,371,392,480,498,532]	ID	LALRShift [21,45,78,95,112,228,309,404]
[296,488]	$	LALRReduce 13
[296,488]	CR	LALRReduce 13
[297]	)	LALRReduce 27
[297]	,	LALRShift [373]
[298,489]	)	LALRShift [374,523]
[300]	)	LALRReduce 26
[314,368,430,440,442,460,520,528,543]	=	LALRReduce 58
[314,368,430,440,442,460,520,528,543]	CR	LALRReduce 58
[314,368,430,440,442,460,520,528,543]	Or	LALRReduce 58
[314,368,430,440,442,460,520,528,543]	And	LALRReduce 58
[314,368,430,440,442,460,520,528,543]	<>	LALRReduce 58
[314,368,430,440,442,460,520,528,543]	<	LALRReduce 58
[314,368,430,440,442,460,520,528,543]	<=	LALRReduce 58
[314,368,430,440,442,460,520,528,543]	>	LALRReduce 58
[314,368,430,440,442,460,520,528,543]	>=	LALRReduce 58
[314,368,430,440,442,460,520,528,543]	+	LALRReduce 58
[314,368,430,440,442,460,520,528,543]	-	LALRReduce 58
[314,368,430,440,442,460,520,528,543]	*	LALRReduce 58
[314,368,430,440,442,460,520,528,543]	/	LALRReduce 58
[314,368,430,440,442,460,520,528,543]	Then	LALRReduce 58
[314,368,430,440,442,460,520,528,543]	)	LALRReduce 58
[314,368,430,440,442,460,520,528,543]	$	LALRReduce 58
[314,368,430,440,442,460,520,528,543]	]	LALRReduce 58
[314,368,430,440,442,460,520,528,543]	To	LALRReduce 58
[314,368,430,440,442,460,520,528,543]	,	LALRReduce 58
[314,368,430,440,442,460,520,528,543]	Step	LALRReduce 58
[330,490]	-	LALRShift [23,47,80,97,114,230,311,406]
[330,490]	NUM	LALRShift [24,48,81,98,115,231,312,407]
[330,490]	STR	LALRShift [25,49,82,99,116,232,313,408]
[330,490]	(	LALRShift [22,46,79,96,113,229,310,405]
[330,490]	ID	LALRShift [21,45,78,95,112,228,309,404]
[349,491]	$	LALRReduce 7
[349,491]	CR	LALRReduce 7
[350,492]	$	LALRReduce 8
[350,492]	CR	LALRReduce 8
[351,493]	-	LALRShift [23,47,80,97,114,230,311,406]
[351,493]	NUM	LALRShift [24,48,81,98,115,231,312,407]
[351,493]	STR	LALRShift [25,49,82,99,116,232,313,408]
[351,493]	(	LALRShift [22,46,79,96,113,229,310,405]
[351,493]	ID	LALRShift [21,45,78,95,112,228,309,404]
[352,494]	$	LALRReduce 10
[352,494]	CR	LALRReduce 10
[353,495]	CR	LALRShift [52,119,237,427,502]
[358,424,486,536,546]	EndWhile	LALRReduce 19
[358,424,486,536,546]	EndSub	LALRReduce 19
[358,424,486,536,546]	EndIf	LALRReduce 19
[358,424,486,536,546]	Else	LALRReduce 19
[358,424,486,536,546]	ElseIf	LALRReduce 19
[358,424,486,536,546]	EndFor	LALRReduce 19
[367,429,439,441,459,519,527,542]	)	LALRShift [438,487,496,497,500,534,540,547]
[373]	-	LALRShift [23,47,80,97,114,230,311,406]
[373]	NUM	LALRShift [24,48,81,98,115,231,312,407]
[373]	STR	LALRShift [25,49,82,99,116,232,313,408]
[373]	(	LALRShift [22,46,79,96,113,229,310,405]
[373]	ID	LALRShift [21,45,78,95,112,228,309,404]
[374,523]	$	LALRReduce 14
[374,523]	CR	LALRReduce 14
[394,524]	CR	LALRReduce 22
[394,524]	Step	LALRShift [462]
[425,525]	Then	LALRShift [482,538]
[426,526]	EndIf	LALRShift [483,539]
[438,487,496,497,500,534,540,547]	CR	LALRReduce 55
[438,487,496,497,500,534,540,547]	Or	LALRReduce 55
[438,487,496,497,500,534,540,547]	And	LALRReduce 55
[438,487,496,497,500,534,540,547]	=	LALRReduce 55
[438,487,496,497,500,534,540,547]	<>	LALRReduce 55
[438,487,496,497,500,534,540,547]	<	LALRReduce 55
[438,487,496,497,500,534,540,547]	<=	LALRReduce 55
[438,487,496,497,500,534,540,547]	>	LALRReduce 55
[438,487,496,497,500,534,540,547]	>=	LALRReduce 55
[438,487,496,497,500,534,540,547]	+	LALRReduce 55
[438,487,496,497,500,534,540,547]	-	LALRReduce 55
[438,487,496,497,500,534,540,547]	*	LALRReduce 55
[438,487,496,497,500,534,540,547]	/	LALRReduce 55	
[438,487,496,497,500,534,540,547]	Then	LALRReduce 55
[438,487,496,497,500,534,540,547]	)	LALRReduce 55
[438,487,496,497,500,534,540,547]	$	LALRReduce 55
[438,487,496,497,500,534,540,547]	]	LALRReduce 55
[438,487,496,497,500,534,540,547]	To	LALRReduce 55
[438,487,496,497,500,534,540,547]	,	LALRReduce 55
[438,487,496,497,500,534,540,547]	Step	LALRReduce 55
[443]	)	LALRReduce 28
[461,537]	CR	LALRShift [52,119,237,427,502]
[462]	-	LALRShift [23,47,80,97,114,230,311,406]
[462]	NUM	LALRShift [24,48,81,98,115,231,312,407]
[462]	STR	LALRShift [25,49,82,99,116,232,313,408]
[462]	(	LALRShift [22,46,79,96,113,229,310,405]
[462]	ID	LALRShift [21,45,78,95,112,228,309,404]
[482,538]	CR	LALRShift [52,119,237,427,502]
[483,539]	$	LALRReduce 11
[483,539]	CR	LALRReduce 11
[501,544]	EndFor	LALRShift [529,548]
[503]	CR	LALRReduce 23
[521,545]	ElseIf	LALRShift [351,493]
[521,545]	EndIf	LALRShift [352,494]
[521,545]	Else	LALRShift [353,495]
[529,548]	$	LALRReduce 5
[529,548]	CR	LALRReduce 5
[535,549]	$	LALRReduce 9
[535,549]	CR	LALRReduce 9
