[0]	While	LALRShift [4,111]
[0]	ID	LALRShift [5,112]
[0]	Goto	LALRShift [6,113]
[0]	For	LALRShift [7,114]
[0]	Sub	LALRShift [8,115]
[0]	If	LALRShift [9,116]
[1]	$	LALRAccept
[2]	$	LALRReduce 18
[2]	CR	LALRShift [10]
[3,109]	$	LALRReduce 1
[3,109]	CR	LALRReduce 1
[4,111]	(	LALRShift [11,182]
[5,112]	:	LALRShift [13,184]
[5,112]	=	LALRShift [14,185]
[5,112]	.	LALRShift [15,186]
[5,112]	(	LALRShift [12,183]
[6,113]	ID	LALRShift [16,187]
[7,114]	ID	LALRShift [17,188]
[8,115]	ID	LALRShift [18,189]
[9,116]	(	LALRShift [19,190]
[10]	While	LALRShift [4,111]
[10]	ID	LALRShift [5,112]
[10]	Goto	LALRShift [6,113]
[10]	For	LALRShift [7,114]
[10]	Sub	LALRShift [8,115]
[10]	If	LALRShift [9,116]
[11,182]	-	LALRShift [33,50,103,161,225,258]
[11,182]	NUM	LALRShift [34,51,104,162,226,259]
[11,182]	true	LALRShift [35,52,105,163,227,260]
[11,182]	false	LALRShift [36,53,106,164,228,261]
[11,182]	(	LALRShift [31,48,101,159,223,256]
[11,182]	ID	LALRShift [32,49,102,160,224,257]
[12,183]	)	LALRShift [37,245]
[13,184]	$	LALRReduce 3
[13,184]	CR	LALRReduce 3
[14,185]	-	LALRShift [33,50,103,161,225,258]
[14,185]	NUM	LALRShift [34,51,104,162,226,259]
[14,185]	true	LALRShift [35,52,105,163,227,260]
[14,185]	false	LALRShift [36,53,106,164,228,261]
[14,185]	(	LALRShift [31,48,101,159,223,256]
[14,185]	ID	LALRShift [32,49,102,160,224,257]
[15,186]	ID	LALRShift [54,262]
[16,187]	$	LALRReduce 4
[16,187]	CR	LALRReduce 4
[17,188]	=	LALRShift [55,263]
[18,189]	CR	LALRShift [57,193,267,338,375]
[19,190]	-	LALRShift [33,50,103,161,225,258]
[19,190]	NUM	LALRShift [34,51,104,162,226,259]
[19,190]	true	LALRShift [35,52,105,163,227,260]
[19,190]	false	LALRShift [36,53,106,164,228,261]
[19,190]	(	LALRShift [31,48,101,159,223,256]
[19,190]	ID	LALRShift [32,49,102,160,224,257]
[20]	$	LALRReduce 19
[21,244]	)	LALRShift [59,306]
[22,39,92,149,214,247]	)	LALRReduce 22
[22,39,92,149,214,247]	$	LALRReduce 22
[22,39,92,149,214,247]	CR	LALRReduce 22
[22,39,92,149,214,247]	To	LALRReduce 22
[22,39,92,149,214,247]	,	LALRReduce 22
[22,39,92,149,214,247]	Step	LALRReduce 22
[23,40,93,151,215,248]	)	LALRReduce 27
[23,40,93,151,215,248]	Or	LALRShift [60,75,166,198,290,307]
[23,40,93,151,215,248]	$	LALRReduce 27
[23,40,93,151,215,248]	CR	LALRReduce 27
[23,40,93,151,215,248]	To	LALRReduce 27
[23,40,93,151,215,248]	,	LALRReduce 27
[23,40,93,151,215,248]	Step	LALRReduce 27
[24,41,94,152,216,249]	)	LALRReduce 29
[24,41,94,152,216,249]	Or	LALRReduce 29
[24,41,94,152,216,249]	And	LALRShift [61,76,167,199,291,308]
[24,41,94,152,216,249]	$	LALRReduce 29
[24,41,94,152,216,249]	CR	LALRReduce 29
[24,41,94,152,216,249]	To	LALRReduce 29
[24,41,94,152,216,249]	,	LALRReduce 29
[24,41,94,152,216,249]	Step	LALRReduce 29
[25,42,95,153,217,250]	)	LALRReduce 31
[25,42,95,153,217,250]	Or	LALRReduce 31
[25,42,95,153,217,250]	And	LALRReduce 31
[25,42,95,153,217,250]	=	LALRShift [62,77,168,200,292,309]
[25,42,95,153,217,250]	<>	LALRShift [63,78,169,201,293,310]
[25,42,95,153,217,250]	$	LALRReduce 31
[25,42,95,153,217,250]	CR	LALRReduce 31
[25,42,95,153,217,250]	To	LALRReduce 31
[25,42,95,153,217,250]	,	LALRReduce 31
[25,42,95,153,217,250]	Step	LALRReduce 31
[26,43,96,154,218,251]	)	LALRReduce 34
[26,43,96,154,218,251]	Or	LALRReduce 34
[26,43,96,154,218,251]	And	LALRReduce 34
[26,43,96,154,218,251]	=	LALRReduce 34
[26,43,96,154,218,251]	<>	LALRReduce 34
[26,43,96,154,218,251]	<	LALRShift [64,79,170,202,294,311]
[26,43,96,154,218,251]	<=	LALRShift [65,80,171,203,295,312]
[26,43,96,154,218,251]	>	LALRShift [66,81,172,204,296,313]
[26,43,96,154,218,251]	>=	LALRShift [67,82,173,205,297,314]
[26,43,96,154,218,251]	$	LALRReduce 34
[26,43,96,154,218,251]	CR	LALRReduce 34
[26,43,96,154,218,251]	To	LALRReduce 34
[26,43,96,154,218,251]	,	LALRReduce 34
[26,43,96,154,218,251]	Step	LALRReduce 34
[27,44,97,155,219,252]	)	LALRReduce 39
[27,44,97,155,219,252]	Or	LALRReduce 39
[27,44,97,155,219,252]	And	LALRReduce 39
[27,44,97,155,219,252]	=	LALRReduce 39
[27,44,97,155,219,252]	<>	LALRReduce 39
[27,44,97,155,219,252]	<	LALRReduce 39
[27,44,97,155,219,252]	<=	LALRReduce 39
[27,44,97,155,219,252]	>	LALRReduce 39
[27,44,97,155,219,252]	>=	LALRReduce 39
[27,44,97,155,219,252]	+	LALRShift [68,83,174,206,298,315]
[27,44,97,155,219,252]	-	LALRShift [69,84,175,207,299,316]
[27,44,97,155,219,252]	$	LALRReduce 39
[27,44,97,155,219,252]	CR	LALRReduce 39
[27,44,97,155,219,252]	To	LALRReduce 39
[27,44,97,155,219,252]	,	LALRReduce 39
[27,44,97,155,219,252]	Step	LALRReduce 39
[28,45,98,156,220,253]	)	LALRReduce 42
[28,45,98,156,220,253]	Or	LALRReduce 42
[28,45,98,156,220,253]	And	LALRReduce 42
[28,45,98,156,220,253]	=	LALRReduce 42
[28,45,98,156,220,253]	<>	LALRReduce 42
[28,45,98,156,220,253]	<	LALRReduce 42
[28,45,98,156,220,253]	<=	LALRReduce 42
[28,45,98,156,220,253]	>	LALRReduce 42
[28,45,98,156,220,253]	>=	LALRReduce 42
[28,45,98,156,220,253]	+	LALRReduce 42
[28,45,98,156,220,253]	-	LALRReduce 42
[28,45,98,156,220,253]	*	LALRShift [70,85,176,208,300,317]
[28,45,98,156,220,253]	/	LALRShift [71,86,177,209,301,318]
[28,45,98,156,220,253]	$	LALRReduce 42
[28,45,98,156,220,253]	CR	LALRReduce 42
[28,45,98,156,220,253]	To	LALRReduce 42
[28,45,98,156,220,253]	,	LALRReduce 42
[28,45,98,156,220,253]	Step	LALRReduce 42
[29,46,99,157,221,254]	)	LALRReduce 45
[29,46,99,157,221,254]	Or	LALRReduce 45
[29,46,99,157,221,254]	And	LALRReduce 45
[29,46,99,157,221,254]	=	LALRReduce 45
[29,46,99,157,221,254]	<>	LALRReduce 45
[29,46,99,157,221,254]	<	LALRReduce 45
[29,46,99,157,221,254]	<=	LALRReduce 45
[29,46,99,157,221,254]	>	LALRReduce 45
[29,46,99,157,221,254]	>=	LALRReduce 45
[29,46,99,157,221,254]	+	LALRReduce 45
[29,46,99,157,221,254]	-	LALRReduce 45
[29,46,99,157,221,254]	*	LALRReduce 45
[29,46,99,157,221,254]	/	LALRReduce 45
[29,46,99,157,221,254]	$	LALRReduce 45
[29,46,99,157,221,254]	CR	LALRReduce 45
[29,46,99,157,221,254]	To	LALRReduce 45
[29,46,99,157,221,254]	,	LALRReduce 45
[29,46,99,157,221,254]	Step	LALRReduce 45
[30,47,100,158,222,255]	)	LALRReduce 47
[30,47,100,158,222,255]	Or	LALRReduce 47
[30,47,100,158,222,255]	And	LALRReduce 47
[30,47,100,158,222,255]	=	LALRReduce 47
[30,47,100,158,222,255]	<>	LALRReduce 47
[30,47,100,158,222,255]	<	LALRReduce 47
[30,47,100,158,222,255]	<=	LALRReduce 47
[30,47,100,158,222,255]	>	LALRReduce 47
[30,47,100,158,222,255]	>=	LALRReduce 47
[30,47,100,158,222,255]	+	LALRReduce 47
[30,47,100,158,222,255]	-	LALRReduce 47
[30,47,100,158,222,255]	*	LALRReduce 47
[30,47,100,158,222,255]	/	LALRReduce 47
[30,47,100,158,222,255]	$	LALRReduce 47
[30,47,100,158,222,255]	CR	LALRReduce 47
[30,47,100,158,222,255]	To	LALRReduce 47
[30,47,100,158,222,255]	,	LALRReduce 47
[30,47,100,158,222,255]	Step	LALRReduce 47
[31,48,101,159,223,256]	-	LALRShift [33,50,103,161,225,258]
[31,48,101,159,223,256]	NUM	LALRShift [34,51,104,162,226,259]
[31,48,101,159,223,256]	true	LALRShift [35,52,105,163,227,260]
[31,48,101,159,223,256]	false	LALRShift [36,53,106,164,228,261]
[31,48,101,159,223,256]	(	LALRShift [31,48,101,159,223,256]
[31,48,101,159,223,256]	ID	LALRShift [32,49,102,160,224,257]
[32,49,102,160,224,257]	)	LALRReduce 52
[32,49,102,160,224,257]	.	LALRShift [73,88,179,211,303,320]
[32,49,102,160,224,257]	Or	LALRReduce 52
[32,49,102,160,224,257]	And	LALRReduce 52
[32,49,102,160,224,257]	=	LALRReduce 52
[32,49,102,160,224,257]	<>	LALRReduce 52
[32,49,102,160,224,257]	<	LALRReduce 52
[32,49,102,160,224,257]	<=	LALRReduce 52
[32,49,102,160,224,257]	>	LALRReduce 52
[32,49,102,160,224,257]	>=	LALRReduce 52
[32,49,102,160,224,257]	+	LALRReduce 52
[32,49,102,160,224,257]	-	LALRReduce 52
[32,49,102,160,224,257]	*	LALRReduce 52
[32,49,102,160,224,257]	/	LALRReduce 52
[32,49,102,160,224,257]	$	LALRReduce 52
[32,49,102,160,224,257]	CR	LALRReduce 52
[32,49,102,160,224,257]	To	LALRReduce 52
[32,49,102,160,224,257]	,	LALRReduce 52
[32,49,102,160,224,257]	Step	LALRReduce 52
[33,50,103,161,225,258]	NUM	LALRShift [34,51,104,162,226,259]
[33,50,103,161,225,258]	true	LALRShift [35,52,105,163,227,260]
[33,50,103,161,225,258]	false	LALRShift [36,53,106,164,228,261]
[33,50,103,161,225,258]	(	LALRShift [31,48,101,159,223,256]
[33,50,103,161,225,258]	ID	LALRShift [32,49,102,160,224,257]
[34,51,104,162,226,259]	)	LALRReduce 48
[34,51,104,162,226,259]	Or	LALRReduce 48
[34,51,104,162,226,259]	And	LALRReduce 48
[34,51,104,162,226,259]	=	LALRReduce 48
[34,51,104,162,226,259]	<>	LALRReduce 48
[34,51,104,162,226,259]	<	LALRReduce 48
[34,51,104,162,226,259]	<=	LALRReduce 48
[34,51,104,162,226,259]	>	LALRReduce 48
[34,51,104,162,226,259]	>=	LALRReduce 48
[34,51,104,162,226,259]	+	LALRReduce 48
[34,51,104,162,226,259]	-	LALRReduce 48
[34,51,104,162,226,259]	*	LALRReduce 48
[34,51,104,162,226,259]	/	LALRReduce 48
[34,51,104,162,226,259]	$	LALRReduce 48
[34,51,104,162,226,259]	CR	LALRReduce 48
[34,51,104,162,226,259]	To	LALRReduce 48
[34,51,104,162,226,259]	,	LALRReduce 48
[34,51,104,162,226,259]	Step	LALRReduce 48
[35,52,105,163,227,260]	)	LALRReduce 49
[35,52,105,163,227,260]	Or	LALRReduce 49
[35,52,105,163,227,260]	And	LALRReduce 49
[35,52,105,163,227,260]	=	LALRReduce 49
[35,52,105,163,227,260]	<>	LALRReduce 49
[35,52,105,163,227,260]	<	LALRReduce 49
[35,52,105,163,227,260]	<=	LALRReduce 49
[35,52,105,163,227,260]	>	LALRReduce 49
[35,52,105,163,227,260]	>=	LALRReduce 49
[35,52,105,163,227,260]	+	LALRReduce 49
[35,52,105,163,227,260]	-	LALRReduce 49
[35,52,105,163,227,260]	*	LALRReduce 49
[35,52,105,163,227,260]	/	LALRReduce 49
[35,52,105,163,227,260]	$	LALRReduce 49
[35,52,105,163,227,260]	CR	LALRReduce 49
[35,52,105,163,227,260]	To	LALRReduce 49
[35,52,105,163,227,260]	,	LALRReduce 49
[35,52,105,163,227,260]	Step	LALRReduce 49
[36,53,106,164,228,261]	)	LALRReduce 50
[36,53,106,164,228,261]	Or	LALRReduce 50
[36,53,106,164,228,261]	And	LALRReduce 50
[36,53,106,164,228,261]	=	LALRReduce 50
[36,53,106,164,228,261]	<>	LALRReduce 50
[36,53,106,164,228,261]	<	LALRReduce 50
[36,53,106,164,228,261]	<=	LALRReduce 50
[36,53,106,164,228,261]	>	LALRReduce 50
[36,53,106,164,228,261]	>=	LALRReduce 50
[36,53,106,164,228,261]	+	LALRReduce 50
[36,53,106,164,228,261]	-	LALRReduce 50
[36,53,106,164,228,261]	*	LALRReduce 50
[36,53,106,164,228,261]	/	LALRReduce 50
[36,53,106,164,228,261]	$	LALRReduce 50
[36,53,106,164,228,261]	CR	LALRReduce 50
[36,53,106,164,228,261]	To	LALRReduce 50
[36,53,106,164,228,261]	,	LALRReduce 50
[36,53,106,164,228,261]	Step	LALRReduce 50
[37,245]	$	LALRReduce 14
[37,245]	CR	LALRReduce 14
[38,246]	$	LALRReduce 12
[38,246]	CR	LALRReduce 12
[54,262]	(	LALRShift [90,322]
[55,263]	-	LALRShift [33,50,103,161,225,258]
[55,263]	NUM	LALRShift [34,51,104,162,226,259]
[55,263]	true	LALRShift [35,52,105,163,227,260]
[55,263]	false	LALRShift [36,53,106,164,228,261]
[55,263]	(	LALRShift [31,48,101,159,223,256]
[55,263]	ID	LALRShift [32,49,102,160,224,257]
[56,264]	EndSub	LALRShift [107,324]
[57,193,267,338,375]	EndSub	LALRReduce 16
[57,193,267,338,375]	While	LALRShift [4,111]
[57,193,267,338,375]	ID	LALRShift [5,112]
[57,193,267,338,375]	Goto	LALRShift [6,113]
[57,193,267,338,375]	For	LALRShift [7,114]
[57,193,267,338,375]	Sub	LALRShift [8,115]
[57,193,267,338,375]	If	LALRShift [9,116]
[57,193,267,338,375]	EndWhile	LALRReduce 16
[57,193,267,338,375]	EndIf	LALRReduce 16
[57,193,267,338,375]	Else	LALRReduce 16
[57,193,267,338,375]	ElseIf	LALRReduce 16
[57,193,267,338,375]	EndFor	LALRReduce 16
[58,265]	)	LALRShift [117,325]
[59,306]	Then	LALRShift [118,355]
[60,75,166,198,290,307]	-	LALRShift [33,50,103,161,225,258]
[60,75,166,198,290,307]	NUM	LALRShift [34,51,104,162,226,259]
[60,75,166,198,290,307]	true	LALRShift [35,52,105,163,227,260]
[60,75,166,198,290,307]	false	LALRShift [36,53,106,164,228,261]
[60,75,166,198,290,307]	(	LALRShift [31,48,101,159,223,256]
[60,75,166,198,290,307]	ID	LALRShift [32,49,102,160,224,257]
[61,76,167,199,291,308]	-	LALRShift [33,50,103,161,225,258]
[61,76,167,199,291,308]	NUM	LALRShift [34,51,104,162,226,259]
[61,76,167,199,291,308]	true	LALRShift [35,52,105,163,227,260]
[61,76,167,199,291,308]	false	LALRShift [36,53,106,164,228,261]
[61,76,167,199,291,308]	(	LALRShift [31,48,101,159,223,256]
[61,76,167,199,291,308]	ID	LALRShift [32,49,102,160,224,257]
[62,77,168,200,292,309]	-	LALRShift [33,50,103,161,225,258]
[62,77,168,200,292,309]	NUM	LALRShift [34,51,104,162,226,259]
[62,77,168,200,292,309]	true	LALRShift [35,52,105,163,227,260]
[62,77,168,200,292,309]	false	LALRShift [36,53,106,164,228,261]
[62,77,168,200,292,309]	(	LALRShift [31,48,101,159,223,256]
[62,77,168,200,292,309]	ID	LALRShift [32,49,102,160,224,257]
[63,78,169,201,293,310]	-	LALRShift [33,50,103,161,225,258]
[63,78,169,201,293,310]	NUM	LALRShift [34,51,104,162,226,259]
[63,78,169,201,293,310]	true	LALRShift [35,52,105,163,227,260]
[63,78,169,201,293,310]	false	LALRShift [36,53,106,164,228,261]
[63,78,169,201,293,310]	(	LALRShift [31,48,101,159,223,256]
[63,78,169,201,293,310]	ID	LALRShift [32,49,102,160,224,257]
[64,79,170,202,294,311]	-	LALRShift [33,50,103,161,225,258]
[64,79,170,202,294,311]	NUM	LALRShift [34,51,104,162,226,259]
[64,79,170,202,294,311]	true	LALRShift [35,52,105,163,227,260]
[64,79,170,202,294,311]	false	LALRShift [36,53,106,164,228,261]
[64,79,170,202,294,311]	(	LALRShift [31,48,101,159,223,256]
[64,79,170,202,294,311]	ID	LALRShift [32,49,102,160,224,257]
[65,80,171,203,295,312]	-	LALRShift [33,50,103,161,225,258]
[65,80,171,203,295,312]	NUM	LALRShift [34,51,104,162,226,259]
[65,80,171,203,295,312]	true	LALRShift [35,52,105,163,227,260]
[65,80,171,203,295,312]	false	LALRShift [36,53,106,164,228,261]
[65,80,171,203,295,312]	(	LALRShift [31,48,101,159,223,256]
[65,80,171,203,295,312]	ID	LALRShift [32,49,102,160,224,257]
[66,81,172,204,296,313]	-	LALRShift [33,50,103,161,225,258]
[66,81,172,204,296,313]	NUM	LALRShift [34,51,104,162,226,259]
[66,81,172,204,296,313]	true	LALRShift [35,52,105,163,227,260]
[66,81,172,204,296,313]	false	LALRShift [36,53,106,164,228,261]
[66,81,172,204,296,313]	(	LALRShift [31,48,101,159,223,256]
[66,81,172,204,296,313]	ID	LALRShift [32,49,102,160,224,257]
[67,82,173,205,297,314]	-	LALRShift [33,50,103,161,225,258]
[67,82,173,205,297,314]	NUM	LALRShift [34,51,104,162,226,259]
[67,82,173,205,297,314]	true	LALRShift [35,52,105,163,227,260]
[67,82,173,205,297,314]	false	LALRShift [36,53,106,164,228,261]
[67,82,173,205,297,314]	(	LALRShift [31,48,101,159,223,256]
[67,82,173,205,297,314]	ID	LALRShift [32,49,102,160,224,257]
[68,83,174,206,298,315]	-	LALRShift [33,50,103,161,225,258]
[68,83,174,206,298,315]	NUM	LALRShift [34,51,104,162,226,259]
[68,83,174,206,298,315]	true	LALRShift [35,52,105,163,227,260]
[68,83,174,206,298,315]	false	LALRShift [36,53,106,164,228,261]
[68,83,174,206,298,315]	(	LALRShift [31,48,101,159,223,256]
[68,83,174,206,298,315]	ID	LALRShift [32,49,102,160,224,257]
[69,84,175,207,299,316]	-	LALRShift [33,50,103,161,225,258]
[69,84,175,207,299,316]	NUM	LALRShift [34,51,104,162,226,259]
[69,84,175,207,299,316]	true	LALRShift [35,52,105,163,227,260]
[69,84,175,207,299,316]	false	LALRShift [36,53,106,164,228,261]
[69,84,175,207,299,316]	(	LALRShift [31,48,101,159,223,256]
[69,84,175,207,299,316]	ID	LALRShift [32,49,102,160,224,257]
[70,85,176,208,300,317]	-	LALRShift [33,50,103,161,225,258]
[70,85,176,208,300,317]	NUM	LALRShift [34,51,104,162,226,259]
[70,85,176,208,300,317]	true	LALRShift [35,52,105,163,227,260]
[70,85,176,208,300,317]	false	LALRShift [36,53,106,164,228,261]
[70,85,176,208,300,317]	(	LALRShift [31,48,101,159,223,256]
[70,85,176,208,300,317]	ID	LALRShift [32,49,102,160,224,257]
[71,86,177,209,301,318]	-	LALRShift [33,50,103,161,225,258]
[71,86,177,209,301,318]	NUM	LALRShift [34,51,104,162,226,259]
[71,86,177,209,301,318]	true	LALRShift [35,52,105,163,227,260]
[71,86,177,209,301,318]	false	LALRShift [36,53,106,164,228,261]
[71,86,177,209,301,318]	(	LALRShift [31,48,101,159,223,256]
[71,86,177,209,301,318]	ID	LALRShift [32,49,102,160,224,257]
[72,87,178,210,302,319]	)	LALRShift [131,145,241,286,352,368]
[73,88,179,211,303,320]	ID	LALRShift [132,146,242,287,353,369]
[74,89,180,212,304,321]	)	LALRReduce 46
[74,89,180,212,304,321]	Or	LALRReduce 46
[74,89,180,212,304,321]	And	LALRReduce 46
[74,89,180,212,304,321]	=	LALRReduce 46
[74,89,180,212,304,321]	<>	LALRReduce 46
[74,89,180,212,304,321]	<	LALRReduce 46
[74,89,180,212,304,321]	<=	LALRReduce 46
[74,89,180,212,304,321]	>	LALRReduce 46
[74,89,180,212,304,321]	>=	LALRReduce 46
[74,89,180,212,304,321]	+	LALRReduce 46
[74,89,180,212,304,321]	-	LALRReduce 46
[74,89,180,212,304,321]	*	LALRReduce 46
[74,89,180,212,304,321]	/	LALRReduce 46
[74,89,180,212,304,321]	$	LALRReduce 46
[74,89,180,212,304,321]	CR	LALRReduce 46
[74,89,180,212,304,321]	To	LALRReduce 46
[74,89,180,212,304,321]	,	LALRReduce 46
[74,89,180,212,304,321]	Step	LALRReduce 46
[90,322]	)	LALRReduce 23
[90,322]	-	LALRShift [33,50,103,161,225,258]
[90,322]	NUM	LALRShift [34,51,104,162,226,259]
[90,322]	true	LALRShift [35,52,105,163,227,260]
[90,322]	false	LALRShift [36,53,106,164,228,261]
[90,322]	(	LALRShift [31,48,101,159,223,256]
[90,322]	ID	LALRShift [32,49,102,160,224,257]
[91,323]	To	LALRShift [165,371]
[107,324]	$	LALRReduce 6
[107,324]	CR	LALRReduce 6
[108,269,331,380,391]	CR	LALRShift [181,333,376,395,406]
[110,270,332,381,392]	EndSub	LALRReduce 15
[110,270,332,381,392]	EndWhile	LALRReduce 15
[110,270,332,381,392]	EndIf	LALRReduce 15
[110,270,332,381,392]	Else	LALRReduce 15
[110,270,332,381,392]	ElseIf	LALRReduce 15
[110,270,332,381,392]	EndFor	LALRReduce 15
[117,325]	Then	LALRShift [191,372]
[118,355]	CR	LALRShift [57,193,267,338,375]
[119,133,229,274,340,356]	)	LALRReduce 28
[119,133,229,274,340,356]	Or	LALRReduce 28
[119,133,229,274,340,356]	And	LALRShift [61,76,167,199,291,308]
[119,133,229,274,340,356]	$	LALRReduce 28
[119,133,229,274,340,356]	CR	LALRReduce 28
[119,133,229,274,340,356]	To	LALRReduce 28
[119,133,229,274,340,356]	,	LALRReduce 28
[119,133,229,274,340,356]	Step	LALRReduce 28
[120,134,230,275,341,357]	)	LALRReduce 30
[120,134,230,275,341,357]	Or	LALRReduce 30
[120,134,230,275,341,357]	And	LALRReduce 30
[120,134,230,275,341,357]	=	LALRShift [62,77,168,200,292,309]
[120,134,230,275,341,357]	<>	LALRShift [63,78,169,201,293,310]
[120,134,230,275,341,357]	$	LALRReduce 30
[120,134,230,275,341,357]	CR	LALRReduce 30
[120,134,230,275,341,357]	To	LALRReduce 30
[120,134,230,275,341,357]	,	LALRReduce 30
[120,134,230,275,341,357]	Step	LALRReduce 30
[121,135,231,276,342,358]	)	LALRReduce 32
[121,135,231,276,342,358]	Or	LALRReduce 32
[121,135,231,276,342,358]	And	LALRReduce 32
[121,135,231,276,342,358]	=	LALRReduce 32
[121,135,231,276,342,358]	<>	LALRReduce 32
[121,135,231,276,342,358]	<	LALRShift [64,79,170,202,294,311]
[121,135,231,276,342,358]	<=	LALRShift [65,80,171,203,295,312]
[121,135,231,276,342,358]	>	LALRShift [66,81,172,204,296,313]
[121,135,231,276,342,358]	>=	LALRShift [67,82,173,205,297,314]
[121,135,231,276,342,358]	$	LALRReduce 32
[121,135,231,276,342,358]	CR	LALRReduce 32
[121,135,231,276,342,358]	To	LALRReduce 32
[121,135,231,276,342,358]	,	LALRReduce 32
[121,135,231,276,342,358]	Step	LALRReduce 32
[122,136,232,277,343,359]	)	LALRReduce 33
[122,136,232,277,343,359]	Or	LALRReduce 33
[122,136,232,277,343,359]	And	LALRReduce 33
[122,136,232,277,343,359]	=	LALRReduce 33
[122,136,232,277,343,359]	<>	LALRReduce 33
[122,136,232,277,343,359]	<	LALRShift [64,79,170,202,294,311]
[122,136,232,277,343,359]	<=	LALRShift [65,80,171,203,295,312]
[122,136,232,277,343,359]	>	LALRShift [66,81,172,204,296,313]
[122,136,232,277,343,359]	>=	LALRShift [67,82,173,205,297,314]
[122,136,232,277,343,359]	$	LALRReduce 33
[122,136,232,277,343,359]	CR	LALRReduce 33
[122,136,232,277,343,359]	To	LALRReduce 33
[122,136,232,277,343,359]	,	LALRReduce 33
[122,136,232,277,343,359]	Step	LALRReduce 33
[123,137,233,278,344,360]	)	LALRReduce 35
[123,137,233,278,344,360]	Or	LALRReduce 35
[123,137,233,278,344,360]	And	LALRReduce 35
[123,137,233,278,344,360]	=	LALRReduce 35
[123,137,233,278,344,360]	<>	LALRReduce 35
[123,137,233,278,344,360]	<	LALRReduce 35
[123,137,233,278,344,360]	<=	LALRReduce 35
[123,137,233,278,344,360]	>	LALRReduce 35
[123,137,233,278,344,360]	>=	LALRReduce 35
[123,137,233,278,344,360]	+	LALRShift [68,83,174,206,298,315]
[123,137,233,278,344,360]	-	LALRShift [69,84,175,207,299,316]
[123,137,233,278,344,360]	$	LALRReduce 35
[123,137,233,278,344,360]	CR	LALRReduce 35
[123,137,233,278,344,360]	To	LALRReduce 35
[123,137,233,278,344,360]	,	LALRReduce 35
[123,137,233,278,344,360]	Step	LALRReduce 35
[124,138,234,279,345,361]	)	LALRReduce 36
[124,138,234,279,345,361]	Or	LALRReduce 36
[124,138,234,279,345,361]	And	LALRReduce 36
[124,138,234,279,345,361]	=	LALRReduce 36
[124,138,234,279,345,361]	<>	LALRReduce 36
[124,138,234,279,345,361]	<	LALRReduce 36
[124,138,234,279,345,361]	<=	LALRReduce 36
[124,138,234,279,345,361]	>	LALRReduce 36
[124,138,234,279,345,361]	>=	LALRReduce 36
[124,138,234,279,345,361]	+	LALRShift [68,83,174,206,298,315]
[124,138,234,279,345,361]	-	LALRShift [69,84,175,207,299,316]
[124,138,234,279,345,361]	$	LALRReduce 36
[124,138,234,279,345,361]	CR	LALRReduce 36
[124,138,234,279,345,361]	To	LALRReduce 36
[124,138,234,279,345,361]	,	LALRReduce 36
[124,138,234,279,345,361]	Step	LALRReduce 36
[125,139,235,280,346,362]	)	LALRReduce 37
[125,139,235,280,346,362]	Or	LALRReduce 37
[125,139,235,280,346,362]	And	LALRReduce 37
[125,139,235,280,346,362]	=	LALRReduce 37
[125,139,235,280,346,362]	<>	LALRReduce 37
[125,139,235,280,346,362]	<	LALRReduce 37
[125,139,235,280,346,362]	<=	LALRReduce 37
[125,139,235,280,346,362]	>	LALRReduce 37
[125,139,235,280,346,362]	>=	LALRReduce 37
[125,139,235,280,346,362]	+	LALRShift [68,83,174,206,298,315]
[125,139,235,280,346,362]	-	LALRShift [69,84,175,207,299,316]
[125,139,235,280,346,362]	$	LALRReduce 37
[125,139,235,280,346,362]	CR	LALRReduce 37
[125,139,235,280,346,362]	To	LALRReduce 37
[125,139,235,280,346,362]	,	LALRReduce 37
[125,139,235,280,346,362]	Step	LALRReduce 37
[126,140,236,281,347,363]	)	LALRReduce 38
[126,140,236,281,347,363]	Or	LALRReduce 38
[126,140,236,281,347,363]	And	LALRReduce 38
[126,140,236,281,347,363]	=	LALRReduce 38
[126,140,236,281,347,363]	<>	LALRReduce 38
[126,140,236,281,347,363]	<	LALRReduce 38
[126,140,236,281,347,363]	<=	LALRReduce 38
[126,140,236,281,347,363]	>	LALRReduce 38
[126,140,236,281,347,363]	>=	LALRReduce 38
[126,140,236,281,347,363]	+	LALRShift [68,83,174,206,298,315]
[126,140,236,281,347,363]	-	LALRShift [69,84,175,207,299,316]
[126,140,236,281,347,363]	$	LALRReduce 38
[126,140,236,281,347,363]	CR	LALRReduce 38
[126,140,236,281,347,363]	To	LALRReduce 38
[126,140,236,281,347,363]	,	LALRReduce 38
[126,140,236,281,347,363]	Step	LALRReduce 38
[127,141,237,282,348,364]	)	LALRReduce 40
[127,141,237,282,348,364]	Or	LALRReduce 40
[127,141,237,282,348,364]	And	LALRReduce 40
[127,141,237,282,348,364]	=	LALRReduce 40
[127,141,237,282,348,364]	<>	LALRReduce 40
[127,141,237,282,348,364]	<	LALRReduce 40
[127,141,237,282,348,364]	<=	LALRReduce 40
[127,141,237,282,348,364]	>	LALRReduce 40
[127,141,237,282,348,364]	>=	LALRReduce 40
[127,141,237,282,348,364]	+	LALRReduce 40
[127,141,237,282,348,364]	-	LALRReduce 40
[127,141,237,282,348,364]	*	LALRShift [70,85,176,208,300,317]
[127,141,237,282,348,364]	/	LALRShift [71,86,177,209,301,318]
[127,141,237,282,348,364]	$	LALRReduce 40
[127,141,237,282,348,364]	CR	LALRReduce 40
[127,141,237,282,348,364]	To	LALRReduce 40
[127,141,237,282,348,364]	,	LALRReduce 40
[127,141,237,282,348,364]	Step	LALRReduce 40
[128,142,238,283,349,365]	)	LALRReduce 41
[128,142,238,283,349,365]	Or	LALRReduce 41
[128,142,238,283,349,365]	And	LALRReduce 41
[128,142,238,283,349,365]	=	LALRReduce 41
[128,142,238,283,349,365]	<>	LALRReduce 41
[128,142,238,283,349,365]	<	LALRReduce 41
[128,142,238,283,349,365]	<=	LALRReduce 41
[128,142,238,283,349,365]	>	LALRReduce 41
[128,142,238,283,349,365]	>=	LALRReduce 41
[128,142,238,283,349,365]	+	LALRReduce 41
[128,142,238,283,349,365]	-	LALRReduce 41
[128,142,238,283,349,365]	*	LALRShift [70,85,176,208,300,317]
[128,142,238,283,349,365]	/	LALRShift [71,86,177,209,301,318]
[128,142,238,283,349,365]	$	LALRReduce 41
[128,142,238,283,349,365]	CR	LALRReduce 41
[128,142,238,283,349,365]	To	LALRReduce 41
[128,142,238,283,349,365]	,	LALRReduce 41
[128,142,238,283,349,365]	Step	LALRReduce 41
[129,143,239,284,350,366]	)	LALRReduce 43
[129,143,239,284,350,366]	Or	LALRReduce 43
[129,143,239,284,350,366]	And	LALRReduce 43
[129,143,239,284,350,366]	=	LALRReduce 43
[129,143,239,284,350,366]	<>	LALRReduce 43
[129,143,239,284,350,366]	<	LALRReduce 43
[129,143,239,284,350,366]	<=	LALRReduce 43
[129,143,239,284,350,366]	>	LALRReduce 43
[129,143,239,284,350,366]	>=	LALRReduce 43
[129,143,239,284,350,366]	+	LALRReduce 43
[129,143,239,284,350,366]	-	LALRReduce 43
[129,143,239,284,350,366]	*	LALRReduce 43
[129,143,239,284,350,366]	/	LALRReduce 43
[129,143,239,284,350,366]	$	LALRReduce 43
[129,143,239,284,350,366]	CR	LALRReduce 43
[129,143,239,284,350,366]	To	LALRReduce 43
[129,143,239,284,350,366]	,	LALRReduce 43
[129,143,239,284,350,366]	Step	LALRReduce 43
[130,144,240,285,351,367]	)	LALRReduce 44
[130,144,240,285,351,367]	Or	LALRReduce 44
[130,144,240,285,351,367]	And	LALRReduce 44
[130,144,240,285,351,367]	=	LALRReduce 44
[130,144,240,285,351,367]	<>	LALRReduce 44
[130,144,240,285,351,367]	<	LALRReduce 44
[130,144,240,285,351,367]	<=	LALRReduce 44
[130,144,240,285,351,367]	>	LALRReduce 44
[130,144,240,285,351,367]	>=	LALRReduce 44
[130,144,240,285,351,367]	+	LALRReduce 44
[130,144,240,285,351,367]	-	LALRReduce 44
[130,144,240,285,351,367]	*	LALRReduce 44
[130,144,240,285,351,367]	/	LALRReduce 44
[130,144,240,285,351,367]	$	LALRReduce 44
[130,144,240,285,351,367]	CR	LALRReduce 44
[130,144,240,285,351,367]	To	LALRReduce 44
[130,144,240,285,351,367]	,	LALRReduce 44
[130,144,240,285,351,367]	Step	LALRReduce 44
[131,145,241,286,352,368]	)	LALRReduce 51
[131,145,241,286,352,368]	Or	LALRReduce 51
[131,145,241,286,352,368]	And	LALRReduce 51
[131,145,241,286,352,368]	=	LALRReduce 51
[131,145,241,286,352,368]	<>	LALRReduce 51
[131,145,241,286,352,368]	<	LALRReduce 51
[131,145,241,286,352,368]	<=	LALRReduce 51
[131,145,241,286,352,368]	>	LALRReduce 51
[131,145,241,286,352,368]	>=	LALRReduce 51
[131,145,241,286,352,368]	+	LALRReduce 51
[131,145,241,286,352,368]	-	LALRReduce 51
[131,145,241,286,352,368]	*	LALRReduce 51
[131,145,241,286,352,368]	/	LALRReduce 51
[131,145,241,286,352,368]	$	LALRReduce 51
[131,145,241,286,352,368]	CR	LALRReduce 51
[131,145,241,286,352,368]	To	LALRReduce 51
[131,145,241,286,352,368]	,	LALRReduce 51
[131,145,241,286,352,368]	Step	LALRReduce 51
[132,146,242,287,353,369]	)	LALRReduce 53
[132,146,242,287,353,369]	(	LALRShift [194,195,305,336,382,385]
[132,146,242,287,353,369]	Or	LALRReduce 53
[132,146,242,287,353,369]	And	LALRReduce 53
[132,146,242,287,353,369]	=	LALRReduce 53
[132,146,242,287,353,369]	<>	LALRReduce 53
[132,146,242,287,353,369]	<	LALRReduce 53
[132,146,242,287,353,369]	<=	LALRReduce 53
[132,146,242,287,353,369]	>	LALRReduce 53
[132,146,242,287,353,369]	>=	LALRReduce 53
[132,146,242,287,353,369]	+	LALRReduce 53
[132,146,242,287,353,369]	-	LALRReduce 53
[132,146,242,287,353,369]	*	LALRReduce 53
[132,146,242,287,353,369]	/	LALRReduce 53
[132,146,242,287,353,369]	$	LALRReduce 53
[132,146,242,287,353,369]	CR	LALRReduce 53
[132,146,242,287,353,369]	To	LALRReduce 53
[132,146,242,287,353,369]	,	LALRReduce 53
[132,146,242,287,353,369]	Step	LALRReduce 53
[147]	)	LALRReduce 25
[147]	,	LALRShift [196]
[148,370]	)	LALRShift [197,386]
[150]	)	LALRReduce 24
[165,371]	-	LALRShift [33,50,103,161,225,258]
[165,371]	NUM	LALRShift [34,51,104,162,226,259]
[165,371]	true	LALRShift [35,52,105,163,227,260]
[165,371]	false	LALRShift [36,53,106,164,228,261]
[165,371]	(	LALRShift [31,48,101,159,223,256]
[165,371]	ID	LALRShift [32,49,102,160,224,257]
[181,333,376,395,406]	EndSub	LALRReduce 16
[181,333,376,395,406]	While	LALRShift [4,111]
[181,333,376,395,406]	ID	LALRShift [5,112]
[181,333,376,395,406]	Goto	LALRShift [6,113]
[181,333,376,395,406]	For	LALRShift [7,114]
[181,333,376,395,406]	Sub	LALRShift [8,115]
[181,333,376,395,406]	If	LALRShift [9,116]
[181,333,376,395,406]	EndWhile	LALRReduce 16
[181,333,376,395,406]	EndIf	LALRReduce 16
[181,333,376,395,406]	Else	LALRReduce 16
[181,333,376,395,406]	ElseIf	LALRReduce 16
[181,333,376,395,406]	EndFor	LALRReduce 16
[191,372]	CR	LALRShift [57,193,267,338,375]
[192,384]	EndWhile	LALRShift [268,397]
[194,195,305,336,382,385]	)	LALRReduce 23
[194,195,305,336,382,385]	-	LALRShift [33,50,103,161,225,258]
[194,195,305,336,382,385]	NUM	LALRShift [34,51,104,162,226,259]
[194,195,305,336,382,385]	true	LALRShift [35,52,105,163,227,260]
[194,195,305,336,382,385]	false	LALRShift [36,53,106,164,228,261]
[194,195,305,336,382,385]	(	LALRShift [31,48,101,159,223,256]
[194,195,305,336,382,385]	ID	LALRShift [32,49,102,160,224,257]
[196]	-	LALRShift [33,50,103,161,225,258]
[196]	NUM	LALRShift [34,51,104,162,226,259]
[196]	true	LALRShift [35,52,105,163,227,260]
[196]	false	LALRShift [36,53,106,164,228,261]
[196]	(	LALRShift [31,48,101,159,223,256]
[196]	ID	LALRShift [32,49,102,160,224,257]
[197,386]	$	LALRReduce 13
[197,386]	CR	LALRReduce 13
[213,387]	CR	LALRReduce 20
[213,387]	Step	LALRShift [289]
[243,377,393,407,414]	EndSub	LALRReduce 17
[243,377,393,407,414]	EndWhile	LALRReduce 17
[243,377,393,407,414]	EndIf	LALRReduce 17
[243,377,393,407,414]	Else	LALRReduce 17
[243,377,393,407,414]	ElseIf	LALRReduce 17
[243,377,393,407,414]	EndFor	LALRReduce 17
[266,388]	ElseIf	LALRShift [328,402]
[266,388]	EndIf	LALRShift [329,403]
[266,388]	Else	LALRShift [330,404]
[268,397]	$	LALRReduce 2
[268,397]	CR	LALRReduce 2
[271,272,354,378,396,398]	)	LALRShift [334,335,383,394,408,409]
[273]	)	LALRReduce 26
[288,399]	CR	LALRShift [57,193,267,338,375]
[289]	-	LALRShift [33,50,103,161,225,258]
[289]	NUM	LALRShift [34,51,104,162,226,259]
[289]	true	LALRShift [35,52,105,163,227,260]
[289]	false	LALRShift [36,53,106,164,228,261]
[289]	(	LALRShift [31,48,101,159,223,256]
[289]	ID	LALRShift [32,49,102,160,224,257]
[326,400]	$	LALRReduce 7
[326,400]	CR	LALRReduce 7
[327,401]	$	LALRReduce 8
[327,401]	CR	LALRReduce 8
[328,402]	(	LALRShift [373,411]
[329,403]	$	LALRReduce 10
[329,403]	CR	LALRReduce 10
[330,404]	CR	LALRShift [57,193,267,338,375]
[334,335,383,394,408,409]	)	LALRReduce 54
[334,335,383,394,408,409]	Or	LALRReduce 54
[334,335,383,394,408,409]	And	LALRReduce 54
[334,335,383,394,408,409]	=	LALRReduce 54
[334,335,383,394,408,409]	<>	LALRReduce 54
[334,335,383,394,408,409]	<	LALRReduce 54
[334,335,383,394,408,409]	<=	LALRReduce 54
[334,335,383,394,408,409]	>	LALRReduce 54
[334,335,383,394,408,409]	>=	LALRReduce 54
[334,335,383,394,408,409]	+	LALRReduce 54
[334,335,383,394,408,409]	-	LALRReduce 54
[334,335,383,394,408,409]	*	LALRReduce 54
[334,335,383,394,408,409]	/	LALRReduce 54
[334,335,383,394,408,409]	$	LALRReduce 54
[334,335,383,394,408,409]	CR	LALRReduce 54
[334,335,383,394,408,409]	To	LALRReduce 54
[334,335,383,394,408,409]	,	LALRReduce 54
[334,335,383,394,408,409]	Step	LALRReduce 54
[337,410]	EndFor	LALRShift [379,415]
[339]	CR	LALRReduce 21
[373,411]	-	LALRShift [33,50,103,161,225,258]
[373,411]	NUM	LALRShift [34,51,104,162,226,259]
[373,411]	true	LALRShift [35,52,105,163,227,260]
[373,411]	false	LALRShift [36,53,106,164,228,261]
[373,411]	(	LALRShift [31,48,101,159,223,256]
[373,411]	ID	LALRShift [32,49,102,160,224,257]
[374,412]	EndIf	LALRShift [390,417]
[379,415]	$	LALRReduce 5
[379,415]	CR	LALRReduce 5
[389,416]	)	LALRShift [405,419]
[390,417]	$	LALRReduce 11
[390,417]	CR	LALRReduce 11
[405,419]	Then	LALRShift [413,421]
[413,421]	CR	LALRShift [57,193,267,338,375]
[418,422]	ElseIf	LALRShift [328,402]
[418,422]	EndIf	LALRShift [329,403]
[418,422]	Else	LALRShift [330,404]
[420,423]	$	LALRReduce 9
[420,423]	CR	LALRReduce 9
