[0]	MoreThanOneStmt	[1]
[0]	Stmt	[2]
[0]	ExprStatement	[3,109]
[10]	MoreThanOneStmt	[20]
[10]	Stmt	[2]
[10]	ExprStatement	[3,109]
[11,182]	Expr	[21,244]
[11,182]	CondExpr	[22,39,92,149,214,247]
[11,182]	OrExpr	[23,40,93,151,215,248]
[11,182]	AndExpr	[24,41,94,152,216,249]
[11,182]	EqNeqExpr	[25,42,95,153,217,250]
[11,182]	CompExpr	[26,43,96,154,218,251]
[11,182]	AdditiveExpr	[27,44,97,155,219,252]
[11,182]	MultiplicativeExpr	[28,45,98,156,220,253]
[11,182]	UnaryExpr	[29,46,99,157,221,254]
[11,182]	Primary	[30,47,100,158,222,255]
[14,185]	Expr	[38,246]
[14,185]	CondExpr	[22,39,92,149,214,247]
[14,185]	OrExpr	[23,40,93,151,215,248]
[14,185]	AndExpr	[24,41,94,152,216,249]
[14,185]	EqNeqExpr	[25,42,95,153,217,250]
[14,185]	CompExpr	[26,43,96,154,218,251]
[14,185]	AdditiveExpr	[27,44,97,155,219,252]
[14,185]	MultiplicativeExpr	[28,45,98,156,220,253]
[14,185]	UnaryExpr	[29,46,99,157,221,254]
[14,185]	Primary	[30,47,100,158,222,255]
[18,189]	CRStmtCRs	[56,264]
[19,190]	Expr	[58,265]
[19,190]	CondExpr	[22,39,92,149,214,247]
[19,190]	OrExpr	[23,40,93,151,215,248]
[19,190]	AndExpr	[24,41,94,152,216,249]
[19,190]	EqNeqExpr	[25,42,95,153,217,250]
[19,190]	CompExpr	[26,43,96,154,218,251]
[19,190]	AdditiveExpr	[27,44,97,155,219,252]
[19,190]	MultiplicativeExpr	[28,45,98,156,220,253]
[19,190]	UnaryExpr	[29,46,99,157,221,254]
[19,190]	Primary	[30,47,100,158,222,255]
[31,48,101,159,223,256]	Expr	[72,87,178,210,302,319]
[31,48,101,159,223,256]	CondExpr	[22,39,92,149,214,247]
[31,48,101,159,223,256]	OrExpr	[23,40,93,151,215,248]
[31,48,101,159,223,256]	AndExpr	[24,41,94,152,216,249]
[31,48,101,159,223,256]	EqNeqExpr	[25,42,95,153,217,250]
[31,48,101,159,223,256]	CompExpr	[26,43,96,154,218,251]
[31,48,101,159,223,256]	AdditiveExpr	[27,44,97,155,219,252]
[31,48,101,159,223,256]	MultiplicativeExpr	[28,45,98,156,220,253]
[31,48,101,159,223,256]	UnaryExpr	[29,46,99,157,221,254]
[31,48,101,159,223,256]	Primary	[30,47,100,158,222,255]
[33,50,103,161,225,258]	Primary	[74,89,180,212,304,321]
[55,263]	Expr	[91,323]
[55,263]	CondExpr	[22,39,92,149,214,247]
[55,263]	OrExpr	[23,40,93,151,215,248]
[55,263]	AndExpr	[24,41,94,152,216,249]
[55,263]	EqNeqExpr	[25,42,95,153,217,250]
[55,263]	CompExpr	[26,43,96,154,218,251]
[55,263]	AdditiveExpr	[27,44,97,155,219,252]
[55,263]	MultiplicativeExpr	[28,45,98,156,220,253]
[55,263]	UnaryExpr	[29,46,99,157,221,254]
[55,263]	Primary	[30,47,100,158,222,255]
[57,193,267,338,375]	TheRest	[110,270,332,381,392]
[57,193,267,338,375]	Stmt	[108,269,331,380,391]
[57,193,267,338,375]	ExprStatement	[3,109]
[60,75,166,198,290,307]	AndExpr	[119,133,229,274,340,356]
[60,75,166,198,290,307]	EqNeqExpr	[25,42,95,153,217,250]
[60,75,166,198,290,307]	CompExpr	[26,43,96,154,218,251]
[60,75,166,198,290,307]	AdditiveExpr	[27,44,97,155,219,252]
[60,75,166,198,290,307]	MultiplicativeExpr	[28,45,98,156,220,253]
[60,75,166,198,290,307]	UnaryExpr	[29,46,99,157,221,254]
[60,75,166,198,290,307]	Primary	[30,47,100,158,222,255]
[61,76,167,199,291,308]	EqNeqExpr	[120,134,230,275,341,357]
[61,76,167,199,291,308]	CompExpr	[26,43,96,154,218,251]
[61,76,167,199,291,308]	AdditiveExpr	[27,44,97,155,219,252]
[61,76,167,199,291,308]	MultiplicativeExpr	[28,45,98,156,220,253]
[61,76,167,199,291,308]	UnaryExpr	[29,46,99,157,221,254]
[61,76,167,199,291,308]	Primary	[30,47,100,158,222,255]
[62,77,168,200,292,309]	CompExpr	[121,135,231,276,342,358]
[62,77,168,200,292,309]	AdditiveExpr	[27,44,97,155,219,252]
[62,77,168,200,292,309]	MultiplicativeExpr	[28,45,98,156,220,253]
[62,77,168,200,292,309]	UnaryExpr	[29,46,99,157,221,254]
[62,77,168,200,292,309]	Primary	[30,47,100,158,222,255]
[63,78,169,201,293,310]	CompExpr	[122,136,232,277,343,359]
[63,78,169,201,293,310]	AdditiveExpr	[27,44,97,155,219,252]
[63,78,169,201,293,310]	MultiplicativeExpr	[28,45,98,156,220,253]
[63,78,169,201,293,310]	UnaryExpr	[29,46,99,157,221,254]
[63,78,169,201,293,310]	Primary	[30,47,100,158,222,255]
[64,79,170,202,294,311]	AdditiveExpr	[123,137,233,278,344,360]
[64,79,170,202,294,311]	MultiplicativeExpr	[28,45,98,156,220,253]
[64,79,170,202,294,311]	UnaryExpr	[29,46,99,157,221,254]
[64,79,170,202,294,311]	Primary	[30,47,100,158,222,255]
[65,80,171,203,295,312]	AdditiveExpr	[124,138,234,279,345,361]
[65,80,171,203,295,312]	MultiplicativeExpr	[28,45,98,156,220,253]
[65,80,171,203,295,312]	UnaryExpr	[29,46,99,157,221,254]
[65,80,171,203,295,312]	Primary	[30,47,100,158,222,255]
[66,81,172,204,296,313]	AdditiveExpr	[125,139,235,280,346,362]
[66,81,172,204,296,313]	MultiplicativeExpr	[28,45,98,156,220,253]
[66,81,172,204,296,313]	UnaryExpr	[29,46,99,157,221,254]
[66,81,172,204,296,313]	Primary	[30,47,100,158,222,255]
[67,82,173,205,297,314]	AdditiveExpr	[126,140,236,281,347,363]
[67,82,173,205,297,314]	MultiplicativeExpr	[28,45,98,156,220,253]
[67,82,173,205,297,314]	UnaryExpr	[29,46,99,157,221,254]
[67,82,173,205,297,314]	Primary	[30,47,100,158,222,255]
[68,83,174,206,298,315]	MultiplicativeExpr	[127,141,237,282,348,364]
[68,83,174,206,298,315]	UnaryExpr	[29,46,99,157,221,254]
[68,83,174,206,298,315]	Primary	[30,47,100,158,222,255]
[69,84,175,207,299,316]	MultiplicativeExpr	[128,142,238,283,349,365]
[69,84,175,207,299,316]	UnaryExpr	[29,46,99,157,221,254]
[69,84,175,207,299,316]	Primary	[30,47,100,158,222,255]
[70,85,176,208,300,317]	UnaryExpr	[129,143,239,284,350,366]
[70,85,176,208,300,317]	Primary	[30,47,100,158,222,255]
[71,86,177,209,301,318]	UnaryExpr	[130,144,240,285,351,367]
[71,86,177,209,301,318]	Primary	[30,47,100,158,222,255]
[90,322]	Exprs	[148,370]
[90,322]	MoreThanOneExpr	[150]
[90,322]	Expr	[147]
[90,322]	CondExpr	[22,39,92,149,214,247]
[90,322]	OrExpr	[23,40,93,151,215,248]
[90,322]	AndExpr	[24,41,94,152,216,249]
[90,322]	EqNeqExpr	[25,42,95,153,217,250]
[90,322]	CompExpr	[26,43,96,154,218,251]
[90,322]	AdditiveExpr	[27,44,97,155,219,252]
[90,322]	MultiplicativeExpr	[28,45,98,156,220,253]
[90,322]	UnaryExpr	[29,46,99,157,221,254]
[90,322]	Primary	[30,47,100,158,222,255]
[118,355]	CRStmtCRs	[192,384]
[165,371]	Expr	[213,387]
[165,371]	CondExpr	[22,39,92,149,214,247]
[165,371]	OrExpr	[23,40,93,151,215,248]
[165,371]	AndExpr	[24,41,94,152,216,249]
[165,371]	EqNeqExpr	[25,42,95,153,217,250]
[165,371]	CompExpr	[26,43,96,154,218,251]
[165,371]	AdditiveExpr	[27,44,97,155,219,252]
[165,371]	MultiplicativeExpr	[28,45,98,156,220,253]
[165,371]	UnaryExpr	[29,46,99,157,221,254]
[165,371]	Primary	[30,47,100,158,222,255]
[181,333,376,395,406]	TheRest	[243,377,393,407,414]
[181,333,376,395,406]	Stmt	[108,269,331,380,391]
[181,333,376,395,406]	ExprStatement	[3,109]
[191,372]	CRStmtCRs	[266,388]
[194,195,305,336,382,385]	Exprs	[271,272,354,378,396,398]
[194,195,305,336,382,385]	MoreThanOneExpr	[150]
[194,195,305,336,382,385]	Expr	[147]
[194,195,305,336,382,385]	CondExpr	[22,39,92,149,214,247]
[194,195,305,336,382,385]	OrExpr	[23,40,93,151,215,248]
[194,195,305,336,382,385]	AndExpr	[24,41,94,152,216,249]
[194,195,305,336,382,385]	EqNeqExpr	[25,42,95,153,217,250]
[194,195,305,336,382,385]	CompExpr	[26,43,96,154,218,251]
[194,195,305,336,382,385]	AdditiveExpr	[27,44,97,155,219,252]
[194,195,305,336,382,385]	MultiplicativeExpr	[28,45,98,156,220,253]
[194,195,305,336,382,385]	UnaryExpr	[29,46,99,157,221,254]
[194,195,305,336,382,385]	Primary	[30,47,100,158,222,255]
[196]	MoreThanOneExpr	[273]
[196]	Expr	[147]
[196]	CondExpr	[22,39,92,149,214,247]
[196]	OrExpr	[23,40,93,151,215,248]
[196]	AndExpr	[24,41,94,152,216,249]
[196]	EqNeqExpr	[25,42,95,153,217,250]
[196]	CompExpr	[26,43,96,154,218,251]
[196]	AdditiveExpr	[27,44,97,155,219,252]
[196]	MultiplicativeExpr	[28,45,98,156,220,253]
[196]	UnaryExpr	[29,46,99,157,221,254]
[196]	Primary	[30,47,100,158,222,255]
[213,387]	OptStep	[288,399]
[266,388]	MoreThanZeroElseIf	[326,400]
[266,388]	OptionalElse	[327,401]
[288,399]	CRStmtCRs	[337,410]
[289]	Expr	[339]
[289]	CondExpr	[22,39,92,149,214,247]
[289]	OrExpr	[23,40,93,151,215,248]
[289]	AndExpr	[24,41,94,152,216,249]
[289]	EqNeqExpr	[25,42,95,153,217,250]
[289]	CompExpr	[26,43,96,154,218,251]
[289]	AdditiveExpr	[27,44,97,155,219,252]
[289]	MultiplicativeExpr	[28,45,98,156,220,253]
[289]	UnaryExpr	[29,46,99,157,221,254]
[289]	Primary	[30,47,100,158,222,255]
[330,404]	CRStmtCRs	[374,412]
[373,411]	Expr	[389,416]
[373,411]	CondExpr	[22,39,92,149,214,247]
[373,411]	OrExpr	[23,40,93,151,215,248]
[373,411]	AndExpr	[24,41,94,152,216,249]
[373,411]	EqNeqExpr	[25,42,95,153,217,250]
[373,411]	CompExpr	[26,43,96,154,218,251]
[373,411]	AdditiveExpr	[27,44,97,155,219,252]
[373,411]	MultiplicativeExpr	[28,45,98,156,220,253]
[373,411]	UnaryExpr	[29,46,99,157,221,254]
[373,411]	Primary	[30,47,100,158,222,255]
[413,421]	CRStmtCRs	[418,422]
[418,422]	MoreThanZeroElseIf	[420,423]
[418,422]	OptionalElse	[327,401]
